150 0 600 0 150 133.125
150 0 600 0 150 132.375
150 0 600 0 150 131.25
150 0 600 0 150 129.75
150 0 600 0 150 127.875
150 0 600 0 150 125.625
150 0 600 0 150 123
150 0 600 0 150 120
150 0 600 0 150 116.625
150 0 600 0 150 112.875
150 0 600 0 150 108.75
150 0 600 0 150 104.25
150 0 600 0 150 99.375
150 0 600 0 150 94.125
150 0 600 0 150 88.5
150 0 600 0 150 82.5
150 0 600 0 150 76.125
150 0 600 0 150 69.375
150 0 600 0 150 62.25
150 0 600 0 150 54.75
150 0 600 0 150 46.875
150 0 600 0 150 54.75
150 0 600 0 150 62.25
150 0 600 0 150 69.375
150 0 600 0 150 76.125
150 0 600 0 150 82.5
150 0 600 0 150 88.5
150 0 600 0 150 94.125
156 0 600 0 150 99.375
162 0 600 0 150 104.25
162 0 600 0 150 108.75
162 0 600 0 150 112.875
162 0 600 0 150 116.625
162 0 600 0 150 120
162 0 600 0 150 123
162 0 600 0 150 125.625
162 0 600 0 150 127.875
162 0 600 0 150 129.75
162 0 600 0 150 131.25
162 0 600 0 150 132.375
162 0 600 0 150 133.125
162 0 600 0 150 133.5
162 0 600 0 150 133.125
162 0 600 0 150 132.375
162 0 600 0 150 131.25
162 0 600 0 150 129.75
162 0 600 0 150 127.875
162 10.875 600 0 150 125.625
162 21 600 0 150 123
162 30.375 600 0 150 120
162 39 600 0 150 116.625
162 46.875 600 0 150 112.875
162 54 600 0 150 108.75
162 60.375 600 0 149.634 105.589
162 66 600 0 138.564 113.464
162 70.875 600 0 127.495 120.964
162 75 600 0 116.425 128.089
162 78.375 600 0 105.356 134.839
162 81 600 0 94.2867 141.214
162 82.875 600 0 83.2173 147.214
162 84 600 0 72.1479 152.839
162 84.375 600 0 61.0785 158.089
162 84 600 0 50.0091 162.964
162 82.875 600 0 38.9397 167.464
162 81 600 0 27.8703 171.589
162 78.375 600 0 16.8009 175.339
162 75 600 0 11.25 178.714
162 70.875 600 0 22.3194 181.714
162 66 600 0 33.3888 184.339
162 60.375 600 0 44.4582 186.589
162 54 600 0 55.5276 188.464
162 46.875 600 0 66.597 189.964
162 39 600 0 77.6664 191.089
162 30.375 600 0 88.7358 191.839
162 21 600 0 99.8052 192.214
162 10.875 600 0 110.875 192.214
162 0 600 0 121.944 191.839
162 0 600 0 133.013 191.089
162 0 600 0 144.083 189.964
162 0 600 0 155.152 188.464
162 0 600 0 166.222 186.589
162 0 600 0 177.291 184.339
162 0 600 0 188.36 181.714
162 0 600 0 199.43 178.714
162 0 600 0 210.499 175.339
162 0 600 0 221.568 171.589
162 0 600 0 232.638 167.464
162 0 600 0 243.707 162.964
162 0 600 0 254.777 158.089
162 0 600 0 265.846 152.839
162 0 600 0 276.915 147.214
162 0 600 0 287.985 141.214
162 0 600 0 299.054 134.839
162 0 600 0 310.124 128.089
162 0 600 0 321.193 120.964
162 0 600 0 332.262 113.464
162 0 600 0 343.332 105.589
162 0 600 0 354.401 97.3394
162 0 600 0 365.471 88.7144
162 0 600 0 376.54 79.7144
162 0 594 0 387.609 70.3394
162 0 588 0 398.679 60.5894
162 0 582 0 409.748 50.4644
162 0 576 0 420.818 39.9644
162 0 570 0 431.887 29.0894
162 0 564 0 442.956 17.8394
162 0 558 0 454.026 6.21437
150 0 600 0 150 133.5
150 0 600 0 150 133.125
150 0 600 0 150 132.375
150 0 600 0 150 131.25
150 0 600 0 150 129.75
150 0 600 0 150 127.875
150 0 600 0 150 125.625
150 0 600 0 150 123
150 0 600 0 150 120
150 0 600 0 150 116.625
150 0 600 0 150 112.875
150 0 600 0 150 108.75
150 0 600 0 150 104.25
150 0 600 0 150 99.375
150 0 600 0 150 94.125
150 0 600 0 150 88.5
150 0 600 0 150 82.5
150 0 600 0 150 76.125
150 0 600 0 150 69.375
150 0 600 0 150 62.25
150 0 600 0 150 54.75
150 0 600 0 150 46.875
150 0 600 0 150 54.75
150 0 600 0 150 62.25
150 0 600 0 150 69.375
156 0 600 0 150 76.125
162 0 600 0 150 82.5
162 0 600 0 150 88.5
162 0 600 0 150 94.125
162 0 600 0 150 99.375
162 0 600 0 150 104.25
162 0 600 0 150 108.75
162 0 600 0 150 112.875
162 0 600 0 150 116.625
162 0 600 0 150 120
162 0 600 0 150 123
162 0 600 0 150 125.625
162 0 600 0 150 127.875
162 0 600 0 150 129.75
162 0 600 0 150 131.25
162 0 600 0 150 132.375
162 0 600 0 150 133.125
162 0 600 0 150 133.5
162 0 600 0 150 133.125
162 0 600 0 150 132.375
162 0 600 0 150 131.25
162 0 600 0 150 129.75
162 0 600 0 150 127.875
162 0 600 0 150 125.625
162 10.875 600 0 150 123
162 21 600 0 150 120
162 30.375 600 0 150 116.625
162 39 600 0 150 112.875
162 46.875 600 0 150 108.75
162 54 600 0 150 104.25
162 60.375 600 0 148.215 105.177
162 66 600 0 136.965 113.052
162 70.875 600 0 125.715 120.552
162 75 600 0 114.465 127.677
162 78.375 600 0 103.215 134.427
162 81 600 0 91.9647 140.802
162 82.875 600 0 80.7147 146.802
162 84 600 0 69.4647 152.427
162 84.375 600 0 58.2147 157.677
162 84 600 0 46.9647 162.552
162 82.875 600 0 35.7147 167.052
162 81 600 0 24.4647 171.177
162 78.375 600 0 13.2147 174.927
162 75 600 0 11.25 178.302
162 70.875 600 0 22.5 181.302
162 66 600 0 33.75 183.927
162 60.375 600 0 45 186.177
162 54 600 0 56.25 188.052
162 46.875 600 0 67.5 189.552
162 39 600 0 78.75 190.677
162 30.375 600 0 90 191.427
162 21 600 0 101.25 191.802
162 10.875 600 0 112.5 191.802
162 0 600 0 123.75 191.427
162 0 600 0 135 190.677
162 0 600 0 146.25 189.552
162 0 600 0 157.5 188.052
162 0 600 0 168.75 186.177
162 0 600 0 180 183.927
162 0 600 0 191.25 181.302
162 0 600 0 202.5 178.302
162 0 600 0 213.75 174.927
162 0 600 0 225 171.177
162 0 600 0 236.25 167.052
162 0 600 0 247.5 162.552
162 0 600 0 258.75 157.677
162 0 600 0 270 152.427
162 0 600 0 281.25 146.802
162 0 600 0 292.5 140.802
162 0 600 0 303.75 134.427
162 0 600 0 315 127.677
162 0 600 0 326.25 120.552
162 0 600 0 337.5 113.052
162 0 600 0 348.75 105.177
162 0 600 0 360 96.9271
162 0 600 0 371.25 88.3021
162 0 600 0 382.5 79.3021
162 0 594 0 393.75 69.9271
162 0 588 0 405 60.1771
162 0 582 0 416.25 50.0521
162 0 576 0 427.5 39.5521
162 0 570 0 438.75 28.6771
162 0 564 0 450 17.4271
162 0 558 0 461.25 5.80214
150 0 600 0 150 133.5
150 0 600 0 150 133.125
150 0 600 0 150 132.375
150 0 600 0 150 131.25
150 0 600 0 150 129.75
150 0 600 0 150 127.875
150 0 600 0 150 125.625
150 0 600 0 150 123
150 0 600 0 150 120
150 0 600 0 150 116.625
150 0 600 0 150 112.875
150 0 600 0 150 108.75
150 0 600 0 150 104.25
150 0 600 0 150 99.375
150 0 600 0 150 94.125
150 0 600 0 150 88.5
150 0 600 0 150 82.5
