150 0 594 0 150 133.125
150 0 588 0 150 132.375
150 0 582 0 150 131.25
150 0 576 0 150 129.75
150 0 570 0 150 127.875
150 0 564 0 150 125.625
150 0 558 0 150 123
150 0 552 0 150 120
150 0 546 0 150 116.625
150 0 540 0 150 112.875
150 0 534 0 150 108.75
150 0 528 0 150 104.25
150 0 522 0 150 99.375
150 0 516 0 150 94.125
150 0 510 0 150 88.5
150 0 504 0 150 82.5
150 0 498 0 150 76.125
150 0 492 0 150 69.375
150 0 486 0 150 62.25
150 0 486 0 150 54.75
150 0 486 0 150 46.875
150 0 486 0 150 56.214
150 0 486 0 150 64.089
150 0 486 0 150 71.589
150 0 486 0 150 78.714
150 0 486 0 150 85.464
150 0 486 0 150 91.839
150 0 486 0 150 97.839
150 0 486 0 150 103.464
150 0 486 0 150 108.714
150 0 486 0 150 113.589
150 0 486 0 150 118.089
150 0 486 0 150 122.214
150 0 486 0 150 125.964
150 0 486 0 150 129.339
150 0 486 0 150 132.339
150 0 486 0 150 134.964
150 0 486 0 150 137.214
150 0 486 0 150 139.089
150 0 486 0 150 140.589
150 0 486 0 150 141.714
150 0 486 0 150 142.464
144 0 486 0 150 142.839
138 0 486 0 150 142.839
132 0 486 0 150 142.464
126 0 486 0 150 141.714
126 0 486 0 150 140.589
126 0 486 0 150 139.089
126 0 486 0 150 137.214
126 0 486 0 150 134.964
126 0 486 0 150 132.339
126 0 486 0 150 129.339
126 0 486 0 150 125.964
126 0 486 0 150 122.214
126 0 486 0 150 118.089
126 0 486 0 150 113.589
126 0 486 0 150 108.714
126 0 486 0 150 103.464
126 0 486 0 150 97.839
126 0 486 0 150 91.839
126 10 486 0 150 85.464
126 20 486 0 150 78.714
126 29 486 0 150 71.589
126 37 486 0 163.347 79.0149
126 44 486 0 170.795 88.1442
126 51 486 0 178.243 96.8985
126 57 486 0 185.691 105.278
126 62 492 0 193.14 113.282
126 66 498 0 200.588 120.911
126 70 504 0 208.036 128.166
126 73 510 0 215.484 135.045
126 75 516 0 222.933 141.549
126 76 522 0 230.381 147.679
126 77 528 0 237.829 153.433
126 77 534 0 245.278 158.812
126 76 540 0 252.726 163.817
126 74 546 0 260.174 168.446
126 72 540 0 267.622 172.7
126 69 534 0 275.071 176.58
126 65 528 0 282.519 180.084
126 60 522 0 289.967 183.213
126 55 516 0 297.416 185.967
126 49 510 0 304.864 188.347
126 42 504 0 312.312 190.351
126 34 498 0 319.76 191.98
126 26 492 0 327.209 193.235
126 17 498 0 334.657 194.114
126 7 504 0 342.105 194.618
126 0 510 0 349.553 194.748
126 0 516 0 357.002 194.502
126 0 522 0 364.45 193.881
126 0 528 0 371.898 192.886
126 0 534 0 379.347 191.515
126 0 540 0 386.795 189.769
126 0 546 0 394.243 187.648
126 0 552 0 401.691 185.153
126 0 558 0 409.14 182.282
126 0 564 0 416.588 179.036
126 0 558 0 424.036 175.416
126 0 552 0 431.484 171.42
126 0 546 0 438.933 167.049
126 0 540 0 446.381 162.304
126 0 534 0 453.829 157.183
126 0 528 0 461.278 151.687
126 0 522 0 468.726 145.817
126 0 516 0 476.174 139.571
126 0 510 0 483.622 132.95
126 0 504 10 491.071 125.955
126 0 498 20 498.519 118.584
126 0 492 29 505.967 110.838
126 0 486 37 513.416 102.717
126 0 492 44 520.864 94.2218
126 0 498 51 535.192 93.1514
126 0 504 57 550.921 93.6156
126 0 510 62 566.651 93.7048
126 0 516 66 582.38 93.419
126 0 522 70 598.109 92.7582
126 0 528 73 613.838 91.7224
126 0 534 75 629.567 90.3116
126 0 540 76 645.296 88.5258
126 0 546 77 661.025 86.3651
126 0 552 77 676.754 83.8293
126 0 558 76 692.483 80.9185
126 0 564 74 708.212 77.6327
126 0 570 72 723.941 73.9719
126 0 576 69 739.67 69.9361
126 0 582 65 723.941 65.5253
126 0 588 60 708.212 60.7395
126 0 594 55 692.483 55.5787
126 0 600 49 676.754 50.0429
126 0 606 42 661.025 44.1321
126 0 612 34 667.983 39.0894
126 0 618 26 690.588 28.243
126 0 624 17 713.193 17.0217
126 0 630 7 735.797 5.42531
150 75 600 75 600 133.5
150 74 606 74 600 133.125
150 72 612 72 600 132.375
150 69 618 69 600 131.25
150 66 624 66 600 129.75
150 62 630 62 600 127.875
150 57 636 57 600 125.625
150 51 642 51 600 123
150 45 648 45 600 120
150 38 654 38 600 116.625
150 30 660 30 600 112.875
150 21 666 21 600 108.75
150 12 672 12 600 104.25
150 2 678 2 600 99.375
150 0 684 0 600 94.125
150 0 690 0 600 88.5
150 0 696 0 600 82.5
150 0 702 0 600 76.125
150 0 708 0 600 69.375
150 0 714 10 600 62.25
150 0 720 20 600 54.75
150 0 726 30 600 46.875
150 0 732 40 600 38.625
150 0 738 50 600 30
150 0 744 60 600 21
150 0 750 69 600 11.625
150 75 600 75 600 133.5
150 74 600 85 600 133.125
150 72 600 95 600 151.214
150 69 606 104 600 161.714
150 66 612 112 600 171.839
150 62 618 119 600 181.589
150 57 624 126 600 190.964
150 51 630 132 600 199.964
150 45 636 137 600 208.589
150 38 642 141 600 216.839
144 30 648 145 600 224.714
138 21 648 148 600 232.214
132 12 648 150 600 239.339
126 2 648 151 600 246.089
120 0 648 152 600 252.464
114 0 648 152 600 258.464
108 0 648 151 600 264.089
102 0 648 149 600 269.339
96 0 648 147 600 274.214
90 0 648 144 600 278.714
84 0 648 140 600 282.839
78 0 648 135 600 286.589
72 0 648 130 600 289.964
66 10 648 124 600 292.964
60 20 648 117 600 295.589
54 29 648 109 600 297.839
48 37 648 101 600 299.714
42 44 648 92 600 301.214
36 51 648 82 600 302.339
36 57 648 71 600 303.089
36 62 648 60 600 303.464
36 66 648 48 600 303.464
36 70 648 35 600 303.089
36 73 648 21 600 302.339
36 75 648 7 600 301.214
36 76 648 0 600 299.714
36 77 648 0 600 297.839
36 77 648 0 600 295.589
42 76 648 0 600 292.964
48 74 648 0 600 289.964
54 72 648 0 600 286.589
60 69 648 0 600 282.839
66 65 648 0 600 278.714
72 60 648 0 600 274.214
78 55 648 0 600 269.339
84 49 648 0 600 264.089
90 42 648 0 600 258.464
96 34 648 0 600 252.464
102 26 648 0 600 246.089
102 17 648 0 600 239.339
102 7 648 0 600 232.214
102 0 648 0 600 224.714
102 10 648 0 600 216.839
96 20 648 0 600 208.589
90 29 648 0 600 199.964
84 37 648 0 600 190.964
78 44 648 0 600 181.589
72 51 648 0 600 171.839
66 57 648 0 600 161.714
60 62 648 0 600 151.214
54 66 648 0 600 140.339
48 70 648 0 600 129.089
42 73 648 0 600 117.464
36 75 648 0 600 105.464
30 76 648 0 600 93.089
24 77 648 0 600 80.339
18 77 648 0 600 67.214
12 76 648 0 600 53.714
6 74 648 0 600 39.839
0 72 648 0 600 25.589
-6 69 648 0 600 10.964
150 75 600 75 600 133.5
144 74 600 85 600 133.125
138 72 600 95 600 151.214
132 69 606 104 600 161.714
126 66 612 112 600 171.839
120 62 618 119 600 181.589
114 57 624 126 600 190.964
108 51 630 132 600 199.964
102 45 636 137 600 208.589
96 38 642 141 600 216.839
90 30 648 145 600 224.714
84 21 648 148 600 232.214
78 12 648 150 600 239.339
72 2 648 151 600 246.089
66 0 648 152 600 252.464
60 0 648 152 600 258.464
54 0 648 151 600 264.089
48 0 648 149 600 269.339
42 0 648 147 600 274.214
36 0 648 144 600 278.714
30 0 648 140 600 282.839
24 0 648 135 600 286.589
18 0 648 130 600 289.964
12 0 648 124 600 292.964
6 0 648 117 600 295.589
0 0 648 109 600 297.839
-6 0 648 101 600 299.714
-12 0 648 92 600 301.214
-18 0 648 82 600 302.339
-24 0 648 71 600 303.089
-30 0 648 60 600 303.464
-36 0 648 48 600 303.464
-42 0 648 35 600 303.089
-48 0 648 21 600 302.339
-54 0 648 7 600 301.214
-60 0 648 0 600 299.714
-66 0 648 0 600 297.839
-72 0 648 0 600 295.589
-78 0 648 0 600 292.964
-84 0 648 0 600 289.964
-90 0 648 0 600 286.589
-96 0 648 0 600 282.839
-96 0 648 0 600 278.714
-96 0 648 0 600 274.214
-96 0 648 0 600 269.339
-96 0 648 0 600 264.089
-96 0 648 0 600 258.464
-96 0 648 0 600 252.464
-96 0 648 0 600 246.089
-96 0 648 0 600 239.339
-96 0 648 0 600 232.214
-96 0 648 0 600 224.714
-96 0 648 0 600 216.839
-90 0 648 0 600 208.589
-84 0 648 0 600 199.964
-78 0 648 0 600 190.964
-72 0 648 0 600 181.589
-72 0 648 0 600 171.839
-72 0 648 0 600 161.714
-72 0 648 0 600 151.214
-72 0 648 0 600 140.339
-72 0 648 0 600 129.089
-72 0 648 0 600 117.464
-72 0 648 0 600 105.464
-72 0 648 0 600 93.089
-72 0 648 0 600 80.339
-72 0 648 0 600 67.214
-72 0 648 0 600 53.714
-72 0 648 0 600 39.839
-72 0 648 0 600 25.589
-72 0 648 0 600 10.964
150 75 600 75 600 133.5
150 74 594 85 600 133.125
150 72 588 95 605.342 148.472
150 69 582 104 599.782 158.829
150 66 576 112 594.223 168.812
150 62 570 119 588.663 178.419
150 57 564 126 583.103 187.651
150 51 558 132 577.543 196.508
150 45 552 137 571.983 204.99
150 38 546 141 566.424 213.098
150 30 540 145 560.864 220.83
150 21 534 148 555.304 228.187
156 12 528 150 549.744 235.169
162 2 522 151 544.184 241.777
168 0 516 152 538.625 248.009
174 0 510 152 533.065 253.866
180 0 504 151 527.505 259.348
186 0 498 149 521.945 264.456
186 0 492 147 516.385 269.188
186 0 486 144 510.825 273.545
186 0 480 140 505.266 277.527
186 0 474 135 499.706 281.135
186 0 468 130 494.146 284.367
180 0 462 124 488.586 287.224
174 0 456 117 483.026 289.706
168 0 450 109 477.467 291.813
162 0 444 101 471.907 293.546
156 0 438 92 466.347 294.903
150 0 432 82 460.787 295.885
144 0 426 71 455.227 296.492
138 0 420 60 449.667 296.725
132 0 414 48 444.108 296.582
126 0 408 35 438.548 296.064
120 0 402 45 432.988 295.171
114 0 396 55 427.428 293.904
108 0 390 64 421.868 292.261
102 0 384 72 416.309 290.243
96 0 378 79 410.749 287.85
90 0 372 86 405.189 285.083
84 10 366 92 399.629 281.94
78 20 360 97 394.069 278.422
72 29 354 101 388.51 274.529
66 37 348 105 382.95 270.262
60 44 342 108 377.39 265.619
54 51 336 110 371.83 260.601
48 57 330 111 366.27 255.208
42 62 336 112 360.71 249.44
36 66 342 112 355.151 243.298
30 70 348 111 349.591 236.78
24 73 354 109 344.031 229.887
18 75 360 107 338.471 222.619
12 76 366 104 332.911 214.977
6 77 372 100 327.352 206.959
0 77 378 95 321.792 198.566
-6 76 384 90 316.232 189.798
-12 74 390 84 310.672 180.656
-18 72 396 77 305.112 171.138
-24 69 402 69 299.552 161.245
-30 65 408 61 293.993 150.977
-36 60 414 52 288.433 140.335
-42 55 420 42 282.873 129.317
-48 49 426 31 277.313 117.924
-54 42 432 20 271.753 106.156
-60 34 438 8 266.194 94.0135
-66 44 444 0 260.634 81.4958
-72 54 450 10 255.074 68.603
-78 63 456 20 249.514 55.3352
-84 71 462 29 243.954 41.6925
-90 78 468 37 238.394 27.6747
-96 85 474 44 232.835 13.2819
-102 91 474 51 227.275 -1.48583
150 75 600 75 150 133.5
150 74 594 74 150 133.125
150 72 588 72 150 132.375
150 69 582 69 150 131.25
150 66 576 66 150 129.75
150 62 570 62 150 127.875
150 57 564 57 150 125.625
150 51 558 51 150 123
150 45 552 45 150 120
150 38 546 38 150 116.625
150 30 540 30 150 112.875
150 21 534 21 150 108.75
150 12 528 12 150 104.25
150 2 522 2 150 99.375
150 0 516 0 150 94.125
150 0 510 0 150 88.5
150 0 504 0 150 82.5
150 0 498 0 150 76.125
150 0 492 0 150 69.375
150 0 486 0 150 62.25
150 0 486 0 150 54.75
150 0 486 0 150 46.875
150 0 486 0 150 56.214
150 0 486 0 150 64.089
150 0 486 0 150 71.589
150 0 486 0 150 78.714
150 0 486 0 150 85.464
150 0 486 0 150 91.839
150 0 486 0 150 97.839
150 0 486 0 150 103.464
150 0 486 0 150 108.714
150 0 486 0 150 113.589
150 0 486 0 150 118.089
150 0 486 0 150 122.214
150 0 486 0 150 125.964
150 0 486 0 150 129.339
150 0 486 0 150 132.339
150 0 486 0 150 134.964
150 0 486 0 150 137.214
150 0 486 0 150 139.089
144 0 486 0 150 140.589
138 0 486 0 150 141.714
138 0 486 0 150 142.464
138 0 486 0 150 142.839
138 0 486 0 150 142.464
138 0 486 0 150 141.714
138 0 486 0 150 140.589
138 0 486 0 150 139.089
138 0 486 0 150 137.214
138 0 486 0 150 134.964
138 0 486 0 150 132.339
138 0 486 0 150 129.339
138 0 486 0 150 125.964
138 0 486 0 150 122.214
138 0 486 0 150 118.089
138 0 486 0 150 113.589
138 0 486 0 150 108.714
138 0 486 0 150 103.464
138 10 486 0 150 97.839
138 20 486 0 150 91.839
138 29 486 0 150 85.464
138 37 486 0 153.79 90.9507
138 44 486 0 157.43 104.885
138 51 480 0 161.069 118.445
138 57 474 0 164.709 131.63
138 62 468 0 168.348 144.44
138 66 462 0 171.988 156.875
138 70 456 0 175.627 168.934
138 73 450 0 179.267 180.619
138 75 444 0 182.906 191.929
138 76 438 0 186.546 202.864
138 77 432 0 190.185 213.424
138 77 426 0 193.824 223.608
138 76 420 0 197.464 233.418
138 74 414 0 201.103 242.853
138 72 408 0 204.743 251.913
138 69 402 0 208.382 260.598
138 65 396 0 212.022 268.907
138 60 402 0 215.661 276.842
138 55 408 0 219.301 284.402
138 49 414 0 222.94 291.587
138 42 420 0 226.579 298.397
138 34 426 0 230.219 304.831
138 26 432 0 233.858 310.891
138 17 438 0 237.498 316.576
138 7 444 0 241.137 321.886
138 0 450 0 244.777 326.821
138 0 444 0 248.416 331.38
138 0 438 0 252.056 335.565
138 0 432 0 255.695 339.375
138 0 426 0 259.335 342.81
138 0 420 0 262.974 345.87
138 0 414 0 266.613 348.554
138 0 408 0 270.253 350.864
138 0 402 0 273.892 352.799
138 0 396 0 277.532 354.359
138 0 402 0 281.171 355.543
138 0 408 0 284.811 356.353
138 0 414 0 288.45 356.788
138 0 420 0 292.09 356.848
138 0 426 0 295.729 356.533
138 0 432 0 299.369 355.842
138 0 438 0 303.008 354.777
138 0 444 0 306.647 353.337
138 0 450 0 310.287 351.522
138 0 456 0 313.926 349.332
138 0 462 0 317.566 346.766
138 0 456 0 321.205 343.826
138 0 450 0 324.845 340.511
138 0 444 0 328.484 336.821
138 0 438 0 332.124 332.756
138 0 432 0 335.763 328.315
138 0 426 0 339.402 323.5
138 0 420 0 343.042 318.31
138 0 414 0 346.681 312.745
138 0 408 10 350.321 306.805
138 0 402 20 353.96 300.489
138 0 396 30 357.6 293.799
138 0 390 40 361.239 286.734
138 0 384 50 364.879 279.294
138 0 378 60 368.518 271.479
138 0 372 69 372.158 263.288
138 0 366 77 375.797 254.723
138 0 360 84 379.436 245.783
138 0 354 91 383.076 236.468
138 0 360 97 386.715 226.778
138 0 366 102 390.355 216.712
138 0 372 106 393.994 206.272
138 0 378 110 397.634 195.457
138 0 384 113 401.273 184.267
138 0 390 115 404.913 172.702
138 0 396 116 410.791 170.233
138 0 402 117 425.988 180.172
138 0 408 117 441.186 189.737
138 0 414 116 456.383 198.926
138 0 420 114 471.581 207.74
138 0 426 112 486.778 216.179
138 0 432 109 501.976 224.244
138 0 438 105 517.173 231.933
138 0 444 100 532.371 239.247
138 0 450 95 547.568 246.186
138 0 456 89 562.766 252.75
138 0 462 82 577.963 258.94
138 0 468 74 593.161 264.754
138 0 474 66 608.358 270.193
138 0 480 57 623.556 275.257
138 0 486 47 638.753 279.947
138 0 492 36 653.951 284.261
138 0 498 25 669.148 288.2
138 0 504 13 684.345 291.764
138 0 510 0 699.543 294.953
138 0 516 10 714.74 297.768
138 0 522 20 729.938 300.207
138 0 528 29 745.135 302.271
138 0 522 37 729.938 303.96
138 0 516 44 714.74 305.275
138 0 510 51 699.543 306.214
138 0 504 57 684.345 306.778
138 0 498 62 669.148 306.967
138 0 492 66 653.951 306.782
138 0 486 70 638.753 306.221
138 0 486 73 623.556 305.285
138 0 486 75 608.358 303.974
138 0 486 76 593.161 302.288
138 0 486 77 577.963 300.228
138 0 486 77 562.766 297.792
138 0 486 76 547.568 294.981
138 0 486 74 532.371 291.795
138 0 486 72 517.173 288.235
138 0 486 69 501.976 284.299
138 0 486 65 486.778 279.988
138 0 486 60 471.581 275.302
138 0 486 55 456.383 270.241
138 0 486 49 441.186 264.806
138 0 486 42 425.988 258.995
138 0 486 34 410.791 252.809
138 0 486 26 395.593 246.248
138 0 486 17 380.396 239.313
138 0 486 7 365.198 232.002
138 0 486 0 350.001 224.316
138 0 486 0 334.803 216.255
138 0 486 0 319.606 207.819
138 0 486 0 304.409 199.009
138 0 486 0 289.211 189.823
132 0 486 0 274.014 180.262
126 0 486 0 258.816 170.326
120 0 486 0 243.619 160.016
114 0 486 0 228.421 149.33
108 0 486 0 213.224 138.269
102 0 486 0 198.026 126.833
96 0 486 0 182.829 115.022
90 0 486 0 167.631 102.837
84 0 486 0 152.434 90.2759
78 0 486 0 137.236 77.3401
72 0 486 0 122.039 64.0294
66 0 486 0 106.841 50.3436
60 0 486 0 91.6438 36.2828
54 0 486 0 94.6627 38.8144
48 0 486 0 103.789 52.9494
42 0 486 0 112.916 66.7094
36 0 486 0 122.043 80.0943
30 0 486 0 131.169 93.1043
24 0 492 0 140.296 105.739
24 0 498 0 149.423 117.999
24 0 504 0 158.549 129.884
24 0 510 0 167.676 141.394
24 0 516 0 176.803 152.529
24 0 522 0 185.929 163.289
24 0 528 0 195.056 173.674
24 0 534 0 204.182 183.684
24 0 540 0 213.309 193.319
24 0 546 0 222.436 202.579
24 0 552 0 231.562 211.464
24 0 558 0 240.689 219.974
24 0 564 0 249.816 228.109
24 0 570 0 258.942 235.869
24 0 576 0 268.069 243.254
24 0 582 0 277.196 250.264
24 0 588 0 286.322 256.899
24 0 594 0 295.449 263.159
24 0 600 0 304.576 269.044
24 0 606 0 313.702 274.554
24 0 612 0 322.829 279.689
24 0 618 0 331.956 284.449
24 0 624 0 341.082 288.834
24 0 630 0 350.209 292.844
24 0 636 0 359.335 296.479
24 0 642 0 368.462 299.739
24 0 648 0 377.589 302.624
24 0 654 0 386.715 305.134
24 0 660 0 395.842 307.269
24 0 666 0 404.969 309.029
24 0 672 0 414.095 310.414
24 0 678 0 423.222 311.424
24 0 684 0 432.349 312.059
24 0 690 0 441.475 312.319
24 0 696 0 450.602 312.204
24 0 702 0 459.729 311.714
24 0 708 0 468.855 310.849
24 0 714 0 477.982 309.609
24 0 720 0 487.109 307.994
24 0 726 0 496.235 306.004
24 0 732 0 505.362 303.639
24 0 738 0 514.488 300.898
24 0 744 0 523.615 297.783
24 0 750 0 532.742 294.293
24 0 756 0 541.868 290.428
24 0 762 0 550.995 286.188
24 0 768 0 560.122 281.573
24 0 774 0 569.248 276.583
24 0 780 0 578.375 271.218
24 0 786 0 587.502 265.478
24 0 792 0 596.628 259.363
24 0 786 0 605.755 252.873
24 0 780 0 614.882 246.008
24 0 774 0 624.008 238.768
24 0 768 0 633.135 231.153
24 0 762 10 642.262 223.163
24 0 768 20 651.388 214.798
24 0 774 30 660.515 206.058
24 0 780 40 669.641 196.943
24 0 786 50 678.768 187.453
24 0 792 60 687.895 177.588
24 0 798 69 697.021 167.348
24 0 804 77 706.148 156.733
24 0 810 84 715.275 145.743
24 0 816 91 724.401 134.378
24 0 822 97 733.528 122.638
24 0 828 102 742.655 110.523
24 0 834 106 733.528 98.033
24 0 840 110 724.401 85.168
24 0 846 113 715.275 71.9279
24 0 852 115 706.148 58.3129
24 0 858 116 697.021 44.3229
24 0 864 117 687.895 29.9579
24 0 870 117 678.768 15.2179
24 0 876 116 669.641 0.10284
150 75 600 75 600 133.5
150 74 606 74 600 133.125
150 72 612 72 600 132.375
150 69 618 69 600 131.25
150 66 624 66 600 129.75
150 62 630 62 600 127.875
150 57 636 57 600 125.625
150 51 642 51 600 123
150 45 648 45 600 120
150 38 648 38 600 116.625
150 30 648 30 600 112.875
150 21 648 21 600 108.75
150 12 648 12 600 104.25
150 2 648 2 600 99.375
150 0 642 0 600 94.125
150 0 636 0 600 88.5
150 0 630 0 600 82.5
150 0 624 0 600 76.125
150 0 618 0 600 69.375
150 0 612 0 600 62.25
150 0 606 0 600 54.75
150 0 600 0 600 46.875
150 0 594 0 602.767 55.5261
150 0 600 0 599.309 62.9998
150 0 606 0 595.851 70.0984
150 0 612 0 592.393 76.8221
150 0 618 0 588.935 83.1707
150 0 624 0 585.477 89.1444
150 0 630 0 582.019 94.743
150 0 636 0 578.561 99.9666
150 0 642 0 575.102 104.815
150 0 648 0 571.644 109.289
150 0 648 0 568.186 113.388
150 0 648 0 564.728 117.111
150 0 648 0 561.27 120.46
150 0 648 0 557.812 123.434
150 0 648 0 554.354 126.032
150 0 648 0 550.896 128.256
150 0 648 0 547.438 130.104
150 0 648 0 543.979 131.578
150 0 648 0 540.521 132.677
150 0 648 0 537.063 133.4
150 0 648 0 533.605 133.749
150 0 648 0 530.147 133.723
150 0 648 0 526.689 133.321
150 0 648 0 523.231 132.545
156 0 648 0 519.773 131.394
162 0 648 0 516.315 129.867
168 0 648 0 512.856 127.966
174 0 648 0 509.398 125.69
180 0 648 0 505.94 123.038
186 0 648 0 502.482 120.012
192 0 648 0 499.024 116.611
198 0 648 0 495.566 112.834
204 0 648 0 492.108 108.683
210 0 648 0 488.65 104.157
216 0 648 0 485.192 99.2552
222 0 648 0 481.733 93.9788
228 0 648 0 478.275 88.3275
234 0 648 0 474.817 82.3011
240 0 648 0 471.359 75.8998
246 0 648 0 467.901 69.1234
252 0 648 0 464.443 61.9721
258 0 648 0 460.985 54.4457
264 0 648 0 457.527 46.5444
270 0 648 0 454.069 38.268
276 0 648 0 450.611 29.6166
282 0 648 0 447.152 20.5903
288 0 648 0 443.694 11.1889
150 75 600 75 600 133.5
150 74 600 74 600 133.125
150 72 600 72 600 132.375
150 69 600 69 600 131.25
150 66 600 66 600 129.75
150 62 600 62 600 127.875
150 57 600 57 600 125.625
150 51 600 51 600 123
150 45 600 45 600 120
150 38 600 38 600 116.625
150 30 600 30 600 112.875
150 21 600 21 600 108.75
150 12 600 12 600 104.25
150 2 600 2 600 99.375
150 0 600 0 600 94.125
150 0 600 0 600 88.5
150 0 600 0 600 82.5
150 0 600 0 600 76.125
150 0 600 0 600 69.375
150 0 606 10 600 62.25
150 0 612 20 593.291 73.0093
150 0 618 29 594.583 88.5977
150 0 624 37 595.875 103.811
150 0 630 44 597.168 118.65
150 0 636 51 598.46 133.113
150 0 642 57 599.752 147.202
150 0 648 62 601.045 160.915
150 0 654 66 602.337 174.253
150 0 660 70 603.629 187.217
150 0 666 73 604.922 199.805
150 0 672 75 606.214 212.019
150 0 678 76 607.506 223.857
150 0 684 77 608.799 235.321
150 0 690 77 610.091 246.409
150 0 696 76 611.383 257.123
150 0 702 74 612.675 267.461
150 0 708 72 613.968 277.425
150 0 714 69 615.26 287.013
150 0 720 65 616.552 296.227
150 0 726 60 617.845 305.065
150 0 732 55 619.137 313.528
150 0 738 49 620.429 321.617
150 0 744 42 621.722 329.33
150 0 750 34 623.014 336.669
150 0 756 44 624.306 343.632
150 0 762 54 625.599 350.221
150 0 768 63 626.891 356.434
150 0 774 71 628.183 362.273
150 0 780 78 629.475 367.736
150 0 786 85 630.768 372.825
150 0 792 91 632.06 377.538
150 0 798 96 633.352 381.877
150 0 804 100 634.645 385.84
150 0 810 104 635.937 389.428
150 0 816 107 637.229 392.642
150 0 822 109 638.522 395.48
150 0 828 110 639.814 397.944
150 0 834 111 641.106 400.032
150 0 840 111 642.399 401.746
150 0 846 110 643.691 403.084
150 0 852 108 644.983 404.048
150 0 858 106 646.275 404.636
150 0 864 103 647.568 404.85
150 0 870 99 648.86 404.688
150 0 876 94 650.152 404.152
150 0 882 89 651.445 403.24
150 0 888 83 652.737 401.953
150 0 894 76 654.029 400.292
150 0 900 68 655.322 398.255
150 0 906 60 656.614 395.844
150 0 912 51 657.906 393.057
150 0 918 41 659.199 389.896
150 0 924 30 660.491 386.359
150 0 930 40 661.783 382.448
150 0 936 50 663.075 378.161
150 0 942 60 664.368 373.5
150 0 948 69 665.66 368.463
150 0 954 77 666.952 363.052
150 0 960 84 668.245 357.265
150 0 966 91 669.537 351.103
150 0 972 97 670.829 344.567
150 0 978 102 672.122 337.655
150 0 984 106 673.414 330.369
150 0 990 110 674.706 322.707
150 0 996 113 675.999 314.671
150 0 1002 115 677.291 306.259
150 0 1008 116 678.583 297.473
150 0 1014 117 679.875 288.311
150 0 1020 117 681.168 278.775
150 0 1026 116 682.46 268.863
150 0 1032 114 683.752 258.577
150 0 1038 112 685.045 247.915
150 0 1044 109 686.337 236.878
150 0 1050 105 687.629 225.467
150 0 1056 100 688.922 213.68
150 0 1062 95 690.214 201.519
150 0 1068 89 691.506 188.982
150 0 1074 82 692.799 176.071
150 0 1080 74 694.091 162.784
150 0 1086 66 695.383 149.123
150 0 1092 57 696.675 135.086
150 0 1098 47 697.968 120.675
150 0 1104 36 699.26 105.888
150 0 1110 46 700.552 90.7266
150 0 1116 56 701.845 75.19
150 0 1122 65 703.137 59.2785
150 0 1128 73 704.429 42.992
150 0 1134 80 705.722 26.3304
150 0 1140 87 707.014 9.29387
