150 0 600 0 150 133.125
150 0 600 0 150 132.375
150 0 600 0 150 131.25
150 0 600 0 150 129.75
150 0 600 0 150 127.875
150 0 600 0 150 125.625
150 0 600 0 150 123
150 0 600 0 150 120
150 0 600 0 150 116.625
150 0 600 0 150 112.875
150 0 600 0 150 108.75
150 0 600 0 150 104.25
150 0 600 0 150 99.375
150 0 600 0 150 94.125
150 0 600 0 150 88.5
150 0 600 0 150 82.5
150 0 600 0 150 76.125
150 0 600 0 150 69.375
150 0 600 0 150 62.25
150 0 600 0 150 54.75
150 0 600 0 150 46.875
150 0 600 0 150 56.214
150 0 600 0 150 64.089
150 0 600 0 150 71.589
150 0 600 0 150 78.714
150 0 600 0 150 85.464
150 0 600 0 150 91.839
150 0 600 0 150 97.839
150 0 600 0 150 103.464
150 0 600 0 150 108.714
150 0 600 0 150 113.589
150 0 600 0 150 118.089
150 0 600 0 150 122.214
150 0 600 0 150 125.964
150 0 600 0 150 129.339
150 0 600 0 150 132.339
150 0 600 0 150 134.964
150 0 600 0 150 137.214
150 0 600 0 150 139.089
150 0 600 0 150 140.589
150 0 600 0 150 141.714
150 0 600 0 150 142.464
144 0 600 0 150 142.839
138 0 600 0 150 142.839
132 0 600 0 150 142.464
126 0 600 0 150 141.714
120 0 600 0 150 140.589
120 0 600 0 150 139.089
120 0 600 0 150 137.214
120 0 600 0 150 134.964
120 0 600 0 150 132.339
120 0 600 0 150 129.339
120 0 600 0 150 125.964
120 0 600 0 150 122.214
120 0 600 0 150 118.089
120 0 600 0 150 113.589
120 0 600 0 150 108.714
120 0 600 0 150 103.464
120 0 600 0 150 97.839
120 0 600 0 150 91.839
120 10 600 0 150 85.464
120 20 600 0 150 78.714
120 29 600 0 150 71.589
120 37 600 0 161.784 74.6052
120 44 600 0 169.242 82.0679
120 51 600 0 176.701 89.1556
120 57 600 0 184.159 95.8683
120 62 594 0 191.618 102.206
120 66 588 0 199.076 108.169
120 70 582 0 206.535 113.756
120 73 576 0 213.993 118.969
120 75 570 0 221.452 123.807
120 76 564 0 228.911 128.27
120 77 558 0 236.369 132.357
120 77 552 0 243.828 136.07
120 76 546 0 251.286 139.408
120 74 540 0 258.745 142.37
120 72 534 0 266.203 144.958
120 69 528 0 273.662 147.171
120 65 522 0 281.121 149.008
120 60 516 0 288.579 150.471
120 55 510 0 296.038 151.559
120 49 504 0 303.496 152.272
120 42 498 0 310.955 152.609
120 34 492 0 318.413 152.572
120 26 486 0 325.872 152.16
120 17 480 0 333.33 151.372
120 7 474 0 340.789 150.21
120 0 468 0 348.248 148.673
120 0 462 0 355.706 146.761
120 0 456 10 363.165 144.473
120 0 450 20 370.623 141.811
120 0 444 29 378.082 138.774
120 0 438 37 385.54 135.361
120 0 432 44 392.999 131.574
120 0 426 51 400.458 127.412
120 0 420 57 407.916 122.875
120 0 414 62 415.375 117.962
120 0 408 66 422.833 112.675
120 0 402 70 435.922 114.825
120 0 408 73 437.398 112.936
120 0 414 75 445.791 121.361
120 0 420 76 454.435 123.051
120 0 426 77 463.079 124.365
120 0 432 77 471.723 125.304
120 0 438 76 480.367 125.868
120 0 444 74 489.011 126.058
120 0 450 72 497.655 125.872
120 0 456 69 506.3 125.311
120 0 462 65 514.944 124.376
120 0 468 60 523.588 123.065
120 0 474 55 532.232 121.379
120 0 480 49 540.876 119.319
120 0 486 42 549.52 116.883
120 0 492 34 558.164 114.072
120 0 498 26 566.808 110.886
120 0 504 17 575.453 107.326
120 0 510 7 584.097 103.39
120 0 516 0 592.741 99.0793
120 0 522 10 601.385 94.3936
120 0 528 20 610.029 89.3329
120 0 534 29 618.673 83.8972
120 0 540 37 627.317 78.0865
120 0 546 44 635.962 71.9008
120 0 552 51 644.606 65.3401
120 0 558 57 653.25 58.4044
120 0 564 62 661.894 51.0937
120 0 570 66 670.538 43.408
120 0 576 70 679.182 35.3473
120 0 582 73 687.826 26.9116
120 0 588 75 696.47 18.1009
120 0 594 76 705.115 8.91516
150 75 600 75 600 133.5
150 74 606 74 600 133.125
150 72 612 72 600 132.375
150 69 618 69 600 131.25
150 66 624 66 600 129.75
150 62 630 62 600 127.875
150 57 624 57 600 125.625
150 51 618 51 600 123
150 45 612 45 600 120
150 38 606 38 600 116.625
150 30 600 30 600 112.875
150 21 594 21 600 108.75
150 12 600 12 600 104.25
150 2 606 2 600 99.375
150 0 612 0 600 94.125
150 0 618 10 600 88.5
150 0 624 20 600 82.5
150 0 630 29 600 76.125
150 0 636 37 600 69.375
150 0 642 44 590.331 66.1438
150 0 636 51 591.172 68.73
150 0 630 57 576.812 75.1958
150 0 624 62 571.502 83.4585
150 0 618 66 566.192 91.3462
150 0 612 70 560.882 98.8589
150 0 606 73 555.572 105.997
150 0 606 75 550.262 112.759
150 0 606 76 544.952 119.147
150 0 606 77 539.643 125.16
150 0 606 77 534.333 130.797
150 0 606 76 529.023 136.06
150 0 606 74 523.713 140.948
150 0 606 72 518.403 145.46
150 0 606 69 513.093 149.598
150 0 606 65 507.783 153.361
150 0 606 60 502.473 156.748
150 0 606 55 497.163 159.761
150 0 606 49 491.853 162.399
156 0 606 42 486.543 164.662
162 0 606 34 481.233 166.549
168 0 606 26 475.923 168.062
174 0 606 17 470.613 169.2
180 0 606 7 465.303 169.962
186 0 606 0 459.993 170.35
192 0 606 0 454.683 170.363
198 0 606 0 449.373 170
204 0 606 0 444.063 169.263
210 0 606 0 438.753 168.151
216 0 606 0 433.443 166.663
222 0 606 0 428.133 164.801
228 0 606 0 422.823 162.564
234 0 606 0 417.513 159.951
240 0 606 0 412.203 156.964
246 0 606 0 406.893 153.602
252 0 606 0 401.583 149.865
258 0 606 0 396.273 145.752
264 0 606 0 390.963 141.265
270 0 606 0 385.653 136.403
276 0 606 0 380.343 131.165
282 0 606 0 375.033 125.553
288 0 606 0 369.723 119.566
288 0 606 0 364.413 113.203
288 0 606 0 359.103 106.466
288 0 606 0 353.793 99.3538
288 0 606 0 348.483 91.8665
288 0 606 0 343.174 84.0042
288 0 606 0 337.864 75.7669
288 0 606 0 332.554 67.1545
288 0 606 0 327.244 58.1672
288 0 606 0 321.934 48.8049
288 0 606 0 316.624 39.0676
288 0 606 0 323.681 43.438
288 0 600 0 332.57 50.2358
288 0 594 0 341.458 56.6586
288 0 588 0 350.347 62.7064
288 0 582 0 359.235 68.3792
288 0 576 0 368.124 73.677
288 0 570 0 377.012 78.5998
288 0 564 0 385.901 83.1476
288 0 558 0 394.789 87.3204
288 0 552 0 403.678 91.1182
288 0 546 0 412.566 94.541
288 0 540 0 421.455 97.5888
288 0 546 0 430.343 100.262
288 0 552 0 439.232 102.559
288 0 558 0 448.12 104.482
288 0 564 10 457.009 106.03
288 0 558 20 465.897 107.203
288 0 552 29 474.786 108.001
288 0 546 37 483.674 108.423
288 0 540 44 492.563 108.471
288 0 534 51 501.451 108.144
288 0 528 57 510.34 107.442
288 0 522 62 518.176 118.084
288 0 516 66 520.836 125.607
288 0 510 70 523.496 132.756
288 0 504 73 526.156 139.53
288 0 498 75 528.816 145.929
288 0 504 76 531.476 151.952
288 0 510 77 534.136 157.601
288 0 516 77 536.796 162.875
288 0 522 76 539.456 167.773
288 0 528 74 542.116 172.297
288 0 534 72 544.776 176.446
288 0 540 69 547.437 180.219
288 0 546 65 550.097 183.618
288 0 552 60 552.757 186.642
288 0 558 55 555.417 189.29
288 0 564 49 558.077 191.564
288 0 570 42 560.737 193.463
288 0 576 34 563.397 194.987
288 0 582 26 566.057 196.135
288 0 588 17 568.717 196.909
288 0 594 7 571.377 197.308
288 0 600 0 574.037 197.331
288 0 606 10 576.697 196.98
288 0 600 20 579.357 196.254
288 0 594 29 582.017 195.152
288 0 588 37 584.677 193.676
288 0 582 44 587.337 191.825
288 0 576 51 589.997 189.599
288 0 570 57 592.657 186.997
288 0 564 62 595.317 184.021
288 0 570 66 597.977 180.67
288 0 576 70 600.637 176.943
288 0 582 73 603.297 172.842
288 0 588 75 605.957 168.366
288 0 594 76 608.617 163.514
288 0 600 77 611.277 158.288
288 0 606 77 613.937 152.687
288 0 612 76 616.598 146.71
288 0 618 74 619.258 140.359
288 0 624 72 621.918 133.633
288 0 630 69 624.578 126.532
288 0 636 65 627.238 119.055
288 0 642 60 629.898 111.204
288 0 648 55 632.558 102.978
288 0 654 49 635.218 94.3763
288 0 660 42 637.878 85.4
288 0 666 34 640.538 76.0487
288 0 660 26 638.012 77.7355
288 0 654 17 626.856 78.1508
288 0 648 7 615.7 78.1912
288 0 642 0 604.543 77.8565
288 0 636 10 593.387 77.1469
288 0 630 20 582.23 76.0622
288 0 624 29 571.074 74.6026
288 0 618 37 559.918 72.7679
288 0 612 44 548.761 70.5583
288 0 606 51 537.605 67.9736
288 0 600 57 526.448 65.014
288 0 594 62 515.292 61.6793
288 0 588 66 504.135 57.9696
288 0 582 70 492.979 53.885
288 0 576 73 481.823 49.4253
288 0 570 75 470.666 44.5907
288 0 564 76 459.51 39.381
288 0 558 77 448.353 33.7964
288 0 552 77 437.197 27.8367
288 0 546 76 426.041 21.5021
288 0 540 74 414.884 14.7924
288 0 534 72 403.728 7.70777
150 75 600 75 600 133.5
150 74 594 74 600 133.125
150 72 588 72 600 132.375
150 69 582 69 600 131.25
150 66 576 66 600 129.75
150 62 570 62 600 127.875
150 57 576 57 600 125.625
150 51 582 51 600 123
150 45 588 45 600 120
150 38 594 38 600 116.625
150 30 600 30 600 112.875
150 21 606 21 600 108.75
150 12 612 12 600 104.25
150 2 618 2 600 99.375
150 0 624 0 600 94.125
150 0 630 10 600 88.5
150 0 636 20 600 82.5
150 0 642 29 600 76.125
150 0 648 37 600 69.375
150 0 654 44 600 62.25
150 0 660 51 600 54.75
150 0 666 57 600 46.875
150 0 672 62 600 38.625
150 0 678 66 600 30
150 0 684 70 600 21
150 0 690 73 600 11.625
150 75 600 75 600 133.5
150 74 606 85 600 133.125
150 72 612 95 594.658 148.472
150 69 618 104 600.218 158.829
150 66 624 112 605.777 168.812
150 62 630 119 611.337 178.419
150 57 636 126 616.897 187.651
150 51 642 132 622.457 196.508
150 45 648 137 628.017 204.99
150 38 654 141 633.576 213.098
150 30 660 145 639.136 220.83
150 21 666 148 644.696 228.187
150 12 672 150 650.256 235.169
150 2 678 151 655.816 241.777
150 0 684 152 661.375 248.009
150 0 690 152 666.935 253.866
150 0 696 151 672.495 259.348
150 0 702 149 678.055 264.456
150 0 708 147 683.615 269.188
150 0 714 144 689.175 273.545
150 0 720 140 694.734 277.527
150 0 726 135 700.294 281.135
150 0 732 130 705.854 284.367
150 0 738 124 711.414 287.224
150 0 744 117 716.974 289.706
150 0 750 109 722.533 291.813
150 0 756 101 728.093 293.546
150 0 762 92 733.653 294.903
150 0 768 82 739.213 295.885
150 0 774 71 733.653 296.492
150 0 780 60 728.093 296.725
150 0 786 48 722.533 296.582
150 0 792 35 716.974 296.064
150 0 798 45 711.414 295.171
150 0 804 55 705.854 293.904
150 0 810 64 700.294 292.261
150 0 816 72 694.734 290.243
150 0 822 79 689.175 287.85
150 0 828 86 683.615 285.083
150 0 834 92 678.055 281.94
150 0 840 97 672.495 278.422
150 0 846 101 666.935 274.529
150 0 852 105 661.375 270.262
150 0 858 108 655.816 265.619
150 0 864 110 650.256 260.601
150 0 870 111 644.696 255.208
150 0 876 112 639.136 249.44
150 0 882 112 633.576 243.298
150 0 888 111 628.017 236.78
150 0 894 109 622.457 229.887
150 0 900 107 616.897 222.619
150 0 906 104 611.337 214.977
150 0 912 100 605.777 206.959
150 0 918 95 600.218 198.566
150 0 924 90 594.658 189.798
150 0 930 84 589.098 180.656
150 0 936 77 583.538 171.138
150 0 942 69 577.978 161.245
150 0 948 61 572.418 150.977
150 0 954 52 566.859 140.335
150 0 960 42 561.299 129.317
150 0 966 31 555.739 117.924
150 0 972 41 550.179 106.156
150 0 978 51 544.619 94.0135
150 0 984 60 539.06 81.4958
150 0 990 68 533.5 68.603
150 0 996 75 527.94 55.3352
150 0 1002 82 522.38 41.6925
150 0 1008 88 516.82 27.6747
150 0 1014 93 511.26 13.2819
150 0 1020 97 505.701 -1.48583
150 75 600 75 600 133.5
150 74 606 74 600 133.125
150 72 612 72 600 132.375
150 69 618 69 600 131.25
150 66 624 66 600 129.75
150 62 630 62 600 127.875
150 57 624 57 600 125.625
150 51 618 51 600 123
150 45 612 45 600 120
150 38 606 38 600 116.625
150 30 600 30 600 112.875
150 21 594 21 600 108.75
150 12 600 12 600 104.25
150 2 606 2 600 99.375
150 0 612 0 600 94.125
150 0 618 10 600 88.5
150 0 624 20 600 82.5
150 0 630 29 600 76.125
150 0 636 37 600 69.375
150 0 642 44 590.331 66.1438
150 0 636 51 591.172 68.73
150 0 630 57 576.812 75.1958
150 0 624 62 571.502 83.4585
150 0 618 66 566.192 91.3462
150 0 612 70 560.882 98.8589
150 0 606 73 555.572 105.997
150 0 606 75 550.262 112.759
150 0 606 76 544.952 119.147
150 0 606 77 539.643 125.16
150 0 606 77 534.333 130.797
150 0 606 76 529.023 136.06
150 0 606 74 523.713 140.948
150 0 606 72 518.403 145.46
150 0 606 69 513.093 149.598
150 0 606 65 507.783 153.361
150 0 606 60 502.473 156.748
150 0 606 55 497.163 159.761
150 0 606 49 491.853 162.399
150 0 606 42 486.543 164.662
150 0 606 34 481.233 166.549
156 0 606 26 475.923 168.062
162 0 606 17 470.613 169.2
168 0 606 7 465.303 169.962
174 0 606 0 459.993 170.35
180 0 606 0 454.683 170.363
186 0 606 0 449.373 170
192 0 606 0 444.063 169.263
198 0 606 0 438.753 168.151
204 0 606 0 433.443 166.663
210 0 606 0 428.133 164.801
216 0 606 0 422.823 162.564
222 0 606 0 417.513 159.951
228 0 606 0 412.203 156.964
234 0 606 0 406.893 153.602
240 0 606 0 401.583 149.865
246 0 606 0 396.273 145.752
246 0 606 0 390.963 141.265
246 0 606 0 385.653 136.403
246 0 606 0 380.343 131.165
246 0 606 0 375.033 125.553
252 0 606 0 369.723 119.566
258 0 606 0 364.413 113.203
264 0 606 0 359.103 106.466
270 0 606 0 353.793 99.3538
276 0 606 0 348.483 91.8665
282 0 606 0 343.174 84.0042
288 0 606 0 337.864 75.7669
294 0 606 0 332.554 67.1545
300 0 606 0 327.244 58.1672
306 0 606 0 321.934 48.8049
312 0 606 0 317.735 55.9206
318 0 606 0 320.513 66.1581
318 0 606 0 323.29 76.0206
318 0 606 0 326.067 85.508
318 0 606 0 328.844 94.6205
318 0 600 0 331.621 103.358
318 0 594 0 334.399 111.72
318 0 588 0 337.176 119.708
318 0 582 0 339.953 127.32
318 0 576 0 342.73 134.558
318 0 570 0 345.507 141.42
318 0 564 0 348.284 147.908
318 0 558 0 351.062 154.02
318 0 552 0 353.839 159.758
318 0 546 0 356.616 165.12
318 0 540 0 359.393 170.108
318 0 534 0 362.17 174.72
318 0 528 0 364.948 178.958
318 0 522 0 367.725 182.82
318 0 516 0 370.502 186.308
318 0 510 0 373.279 189.42
318 0 504 0 376.056 192.157
318 0 498 0 378.833 194.52
318 0 492 0 381.611 196.507
318 0 486 0 384.388 198.12
318 0 480 0 387.165 199.357
318 0 474 0 389.942 200.22
318 0 468 0 392.719 200.707
318 0 462 0 395.497 200.82
318 0 456 0 398.274 200.557
318 0 450 0 401.051 199.92
318 0 444 0 403.828 198.907
318 0 438 0 406.605 197.52
318 0 444 0 409.382 195.757
318 0 450 0 412.16 193.62
318 0 456 0 414.937 191.107
318 0 462 0 417.714 188.219
318 0 468 0 420.491 184.957
318 0 474 0 423.268 181.319
318 0 480 0 426.046 177.307
318 0 486 0 428.823 172.919
318 0 492 0 431.6 168.157
318 0 486 0 434.377 163.019
318 0 480 0 437.154 157.507
318 0 474 0 439.932 151.619
318 0 468 0 442.709 145.357
318 0 462 10 445.486 138.719
318 0 456 20 448.263 131.707
318 0 450 29 451.04 124.319
318 0 444 37 453.817 116.557
318 0 438 44 456.595 108.419
318 0 432 51 459.372 99.9065
318 0 438 57 470.418 102.925
318 0 444 62 485.722 109.284
318 0 450 66 501.026 115.269
318 0 456 70 516.331 120.878
318 0 462 73 531.635 126.112
318 0 468 75 546.94 130.972
318 0 474 76 562.244 135.456
318 0 480 77 577.548 139.566
318 0 486 77 592.853 143.3
318 0 492 76 608.157 146.659
318 0 498 74 623.462 149.644
318 0 504 72 638.766 152.253
318 0 510 69 654.07 154.487
318 0 516 65 669.375 156.347
318 0 522 60 684.679 157.831
318 0 528 55 699.984 158.94
318 0 534 49 715.288 159.675
318 0 540 42 730.592 160.034
318 0 546 34 745.897 160.018
318 0 552 26 730.592 159.628
318 0 558 17 715.288 158.862
318 0 564 7 699.984 157.722
318 0 570 0 684.679 156.206
318 0 564 10 669.375 154.315
318 0 570 20 654.07 152.05
318 0 576 29 638.766 149.409
318 0 582 37 623.462 146.393
318 0 588 44 608.157 143.003
318 0 594 51 592.853 139.237
318 0 600 57 577.548 135.096
318 0 606 62 562.244 130.581
318 0 600 66 546.94 125.69
318 0 594 70 531.635 120.424
318 0 588 73 516.331 114.784
318 0 582 75 501.026 108.768
318 0 576 76 485.722 102.378
318 0 570 77 470.418 95.6119
318 0 564 77 455.113 88.4712
318 0 558 76 439.809 80.9556
318 0 552 74 424.504 73.0649
318 0 546 72 409.2 64.7993
318 0 540 69 393.896 56.1587
318 0 534 65 378.591 47.143
318 0 528 60 378.591 37.7524
318 0 522 55 378.591 27.9867
318 0 516 49 378.591 17.8461
318 0 510 42 378.591 7.33044
150 75 600 75 600 133.5
150 74 594 74 600 133.125
150 72 588 72 600 132.375
150 69 582 69 600 131.25
150 66 576 66 600 129.75
150 62 570 62 600 127.875
150 57 576 57 600 125.625
150 51 582 51 600 123
150 45 588 45 600 120
150 38 594 38 600 116.625
150 30 600 30 600 112.875
150 21 606 21 600 108.75
150 12 612 12 600 104.25
150 2 618 2 600 99.375
150 0 624 0 600 94.125
150 0 630 10 600 88.5
150 0 636 20 600 82.5
150 0 642 29 600 76.125
150 0 648 37 600 69.375
150 0 654 44 600 62.25
150 0 660 51 600 54.75
150 0 666 57 600 46.875
150 0 672 62 600 38.625
150 0 678 66 600 30
150 0 684 70 600 21
150 0 690 73 600 11.625
150 75 600 75 600 133.5
150 74 606 85 600 133.125
150 72 612 95 594.658 148.472
150 69 618 104 600.218 158.829
150 66 624 112 605.777 168.812
150 62 630 119 611.337 178.419
150 57 636 126 616.897 187.651
150 51 642 132 622.457 196.508
150 45 648 137 628.017 204.99
150 38 654 141 633.576 213.098
150 30 660 145 639.136 220.83
150 21 666 148 644.696 228.187
150 12 672 150 650.256 235.169
150 2 678 151 655.816 241.777
150 0 684 152 661.375 248.009
150 0 690 152 666.935 253.866
150 0 696 151 672.495 259.348
150 0 702 149 678.055 264.456
150 0 708 147 683.615 269.188
150 0 714 144 689.175 273.545
150 0 720 140 694.734 277.527
150 0 726 135 700.294 281.135
150 0 732 130 705.854 284.367
150 0 738 124 711.414 287.224
150 0 744 117 716.974 289.706
150 0 750 109 722.533 291.813
150 0 756 101 728.093 293.546
150 0 762 92 733.653 294.903
150 0 768 82 739.213 295.885
150 0 774 71 733.653 296.492
150 0 780 60 728.093 296.725
150 0 786 48 722.533 296.582
150 0 792 35 716.974 296.064
150 0 798 45 711.414 295.171
150 0 804 55 705.854 293.904
150 0 810 64 700.294 292.261
150 0 816 72 694.734 290.243
150 0 822 79 689.175 287.85
150 0 828 86 683.615 285.083
150 0 834 92 678.055 281.94
150 0 840 97 672.495 278.422
150 0 846 101 666.935 274.529
150 0 852 105 661.375 270.262
150 0 858 108 655.816 265.619
150 0 864 110 650.256 260.601
150 0 870 111 644.696 255.208
150 0 876 112 639.136 249.44
150 0 882 112 633.576 243.298
150 0 888 111 628.017 236.78
150 0 894 109 622.457 229.887
150 0 900 107 616.897 222.619
150 0 906 104 611.337 214.977
150 0 912 100 605.777 206.959
150 0 918 95 600.218 198.566
150 0 924 90 594.658 189.798
150 0 930 84 589.098 180.656
150 0 936 77 583.538 171.138
150 0 942 69 577.978 161.245
150 0 948 61 572.418 150.977
150 0 954 52 566.859 140.335
150 0 960 42 561.299 129.317
150 0 966 31 555.739 117.924
150 0 972 41 550.179 106.156
150 0 978 51 544.619 94.0135
150 0 984 60 539.06 81.4958
150 0 990 68 533.5 68.603
150 0 996 75 527.94 55.3352
150 0 1002 82 522.38 41.6925
150 0 1008 88 516.82 27.6747
150 0 1014 93 511.26 13.2819
150 0 1020 97 505.701 -1.48583
