150 0 600 0 150 133.125
150 0 600 0 150 132.375
150 0 600 0 150 131.25
150 0 600 0 150 129.75
150 0 600 0 150 127.875
150 0 600 0 150 125.625
150 0 600 0 150 123
150 0 600 0 150 120
150 0 600 0 150 116.625
150 0 600 0 150 112.875
150 0 600 0 150 108.75
150 0 600 0 150 104.25
150 0 600 0 150 99.375
150 0 600 0 150 94.125
150 0 600 0 150 88.5
150 0 600 0 150 82.5
150 0 600 0 150 76.125
150 0 600 0 150 69.375
150 0 600 0 150 62.25
150 0 600 0 150 54.75
150 0 600 0 150 46.875
150 0 600 0 150 56.214
150 0 600 0 150 64.089
150 0 600 0 150 71.589
150 0 600 0 150 78.714
150 0 600 0 150 85.464
150 0 600 0 150 91.839
150 0 600 0 150 97.839
150 0 600 0 150 103.464
150 0 600 0 150 108.714
150 0 600 0 150 113.589
150 0 600 0 150 118.089
150 0 600 0 150 122.214
150 0 600 0 150 125.964
150 0 600 0 150 129.339
150 0 600 0 150 132.339
150 0 600 0 150 134.964
150 0 600 0 150 137.214
150 0 600 0 150 139.089
150 0 600 0 150 140.589
150 0 600 0 150 141.714
150 0 600 0 150 142.464
150 0 600 0 150 142.839
150 0 600 0 150 142.464
150 0 600 0 150 141.714
144 0 600 0 150 140.589
138 0 600 0 150 139.089
132 0 600 0 150 137.214
132 0 600 0 150 134.964
132 0 600 0 150 132.339
132 0 600 0 150 129.339
132 0 600 0 150 125.964
132 0 600 0 150 122.214
132 0 600 0 150 118.089
132 0 600 0 150 113.589
132 0 600 0 150 108.714
132 0 600 0 150 103.464
132 0 600 0 150 97.839
132 0 600 0 150 91.839
132 0 600 0 150 85.464
132 0 600 0 150 78.714
132 0 600 0 150 71.589
132 10 600 0 150 64.089
132 20 600 0 157.14 70.2793
132 29 600 0 163.44 84.7543
132 37 600 0 169.74 98.8543
132 44 606 0 176.04 112.579
132 51 612 0 182.34 125.929
132 57 618 0 188.64 138.904
132 62 624 0 194.94 151.504
132 66 630 0 201.24 163.729
132 70 636 0 207.54 175.579
132 73 642 0 213.84 187.054
132 75 648 0 220.14 198.154
132 76 654 0 226.44 208.879
132 77 648 0 232.74 219.229
132 77 642 0 239.04 229.204
132 76 636 0 245.34 238.804
132 74 630 0 251.64 248.029
132 72 624 0 257.94 256.879
132 69 618 0 264.24 265.354
132 65 612 0 270.54 273.454
132 60 618 0 276.84 281.179
132 55 624 0 283.14 288.529
132 49 630 0 289.44 295.504
132 42 636 0 295.74 302.104
132 34 642 0 302.04 308.329
132 26 648 0 308.34 314.179
132 17 654 0 314.64 319.654
132 7 660 0 320.94 324.754
132 0 666 0 327.24 329.479
132 0 660 0 333.54 333.829
132 0 654 0 339.84 337.804
132 0 648 0 346.14 341.404
132 0 642 0 352.44 344.629
132 0 636 0 358.74 347.479
132 0 630 0 365.04 349.954
132 0 624 0 371.34 352.054
132 0 618 0 377.64 353.779
132 0 612 0 383.94 355.129
132 0 618 0 390.24 356.104
132 0 624 0 396.54 356.704
132 0 630 0 402.84 356.929
132 0 636 0 409.14 356.779
132 0 642 0 415.44 356.254
132 0 648 0 421.74 355.354
132 0 654 0 428.04 354.079
132 0 660 0 434.34 352.429
132 0 666 0 440.64 350.404
132 0 672 0 446.94 348.004
132 0 678 0 453.24 345.229
132 0 684 0 459.54 342.079
132 0 678 0 465.84 338.554
132 0 672 0 472.14 334.654
132 0 666 0 478.44 330.379
132 0 660 0 484.74 325.729
132 0 654 0 491.04 320.704
132 0 648 0 497.34 315.304
132 0 642 0 503.64 309.529
132 0 636 0 509.94 303.379
132 0 630 0 516.24 296.854
132 0 624 0 522.54 289.954
132 0 630 0 528.84 282.679
132 0 636 0 535.14 275.029
132 0 642 0 541.44 267.004
132 0 648 0 547.74 258.604
132 0 654 0 554.04 249.829
132 0 660 0 560.34 240.679
132 0 666 0 566.64 231.154
132 0 672 0 572.94 221.254
132 0 666 0 579.24 210.979
132 0 660 0 585.54 200.329
132 0 654 0 591.84 189.304
132 0 648 0 598.14 177.904
132 0 642 0 604.44 166.129
132 0 636 0 610.74 153.979
132 0 630 0 617.04 141.454
132 0 624 10 623.34 128.554
132 0 618 20 629.64 115.279
132 0 612 29 635.94 101.629
132 0 606 37 642.24 87.6043
132 0 612 44 655.777 79.2647
132 0 618 51 674.505 77.5432
132 0 624 57 693.234 75.4467
132 0 630 62 711.962 72.9751
132 0 636 66 730.691 70.1286
132 0 642 70 749.419 66.9071
132 0 648 73 730.691 63.3105
132 0 654 75 711.962 59.339
132 0 660 76 706.773 44.8181
132 0 666 77 715.964 27.3585
132 0 672 77 725.155 9.524
150 75 600 75 600 133.5
150 74 606 74 600 133.125
150 72 612 72 600 132.375
150 69 618 69 600 131.25
150 66 624 66 600 129.75
150 62 630 62 600 127.875
150 57 624 57 600 125.625
150 51 618 51 600 123
150 45 612 45 600 120
150 38 606 38 600 116.625
150 30 600 30 600 112.875
150 21 594 21 600 108.75
150 12 600 12 600 104.25
150 2 606 2 600 99.375
150 0 612 0 600 94.125
150 0 618 10 600 88.5
150 0 624 20 600 82.5
150 0 630 29 600 76.125
150 0 636 37 600 69.375
150 0 642 44 590.331 66.1438
150 0 636 51 591.172 68.73
150 0 630 57 576.812 75.1958
150 0 624 62 571.502 83.4585
150 0 618 66 566.192 91.3462
150 0 612 70 560.882 98.8589
150 0 606 73 555.572 105.997
150 0 606 75 550.262 112.759
150 0 606 76 544.952 119.147
150 0 606 77 539.643 125.16
150 0 606 77 534.333 130.797
150 0 606 76 529.023 136.06
150 0 606 74 523.713 140.948
150 0 606 72 518.403 145.46
150 0 606 69 513.093 149.598
150 0 606 65 507.783 153.361
150 0 606 60 502.473 156.748
150 0 606 55 497.163 159.761
156 0 606 49 491.853 162.399
162 0 606 42 486.543 164.662
168 0 606 34 481.233 166.549
174 0 606 26 475.923 168.062
180 0 606 17 470.613 169.2
186 0 606 7 465.303 169.962
192 0 606 0 459.993 170.35
198 0 606 0 454.683 170.363
204 0 606 0 449.373 170
210 0 606 0 444.063 169.263
210 0 606 0 438.753 168.151
210 0 606 0 433.443 166.663
210 0 606 0 428.133 164.801
210 0 606 0 422.823 162.564
210 0 606 0 417.513 159.951
210 0 606 0 412.203 156.964
210 0 606 0 406.893 153.602
210 0 606 0 401.583 149.865
210 0 606 0 396.273 145.752
210 0 606 0 390.963 141.265
210 0 606 0 385.653 136.403
216 0 606 0 380.343 131.165
222 0 606 0 375.033 125.553
228 0 606 0 369.723 119.566
234 0 606 0 364.413 113.203
240 0 606 0 359.103 106.466
246 0 606 0 353.793 99.3538
252 0 606 0 348.483 91.8665
258 0 606 0 343.174 84.0042
264 0 606 0 337.864 75.7669
270 0 606 0 332.554 67.1545
276 0 606 0 327.244 58.1672
282 0 606 0 321.934 48.8049
288 0 606 0 316.624 39.0676
294 0 606 0 323.174 48.051
300 0 600 0 335.696 57.0522
300 0 594 0 348.219 65.6785
300 0 588 0 360.741 73.9297
300 0 582 0 373.263 81.8059
300 0 576 0 385.786 89.3071
300 0 570 0 398.308 96.4334
300 0 576 0 410.83 103.185
300 0 582 0 423.353 109.561
300 0 588 0 435.875 115.562
300 0 594 0 448.397 121.188
300 0 600 0 460.92 126.439
300 0 606 0 473.442 131.316
300 0 612 0 485.964 135.817
300 0 618 0 498.487 139.943
300 0 624 0 511.009 143.694
300 0 630 0 523.531 147.071
300 0 636 0 536.054 150.072
300 0 642 0 548.576 152.698
300 0 648 0 561.098 154.949
300 0 654 0 573.621 156.825
300 0 660 0 586.143 158.327
300 0 666 0 598.666 159.453
300 0 672 0 611.188 160.204
300 0 678 0 623.71 160.58
300 0 684 0 636.233 160.582
300 0 690 0 648.755 160.208
300 0 696 0 661.277 159.459
300 0 702 0 673.8 158.335
300 0 708 0 686.322 156.837
300 0 714 0 698.844 154.963
300 0 720 0 711.367 152.714
300 0 726 0 723.889 150.09
300 0 732 0 736.411 147.091
300 0 738 0 748.934 143.718
300 0 732 0 736.411 139.969
300 0 726 0 723.889 135.845
300 0 720 0 711.367 131.346
300 0 714 0 698.844 126.473
300 0 708 0 686.322 121.224
300 0 702 0 673.8 115.6
300 0 696 0 661.277 109.601
300 0 690 0 648.755 103.227
300 0 684 0 636.233 96.4786
300 0 678 0 623.71 89.3549
300 0 672 0 611.188 81.8561
300 0 666 0 598.666 73.9823
300 0 660 0 586.143 65.7335
300 0 654 0 573.621 57.1098
300 0 648 10 561.098 48.111
300 0 642 20 548.576 38.7372
300 0 636 29 536.054 28.9884
300 0 630 37 523.531 18.8646
300 0 624 44 511.009 8.36587
150 75 600 75 600 133.5
150 74 594 74 600 133.125
150 72 588 72 600 132.375
150 69 582 69 600 131.25
150 66 576 66 600 129.75
150 62 570 62 600 127.875
150 57 576 57 600 125.625
150 51 582 51 600 123
150 45 588 45 600 120
150 38 594 38 600 116.625
150 30 600 30 600 112.875
150 21 606 21 600 108.75
150 12 612 12 600 104.25
150 2 618 2 600 99.375
150 0 624 0 600 94.125
150 0 630 10 600 88.5
150 0 636 20 600 82.5
150 0 642 29 600 76.125
150 0 648 37 600 69.375
150 0 654 44 600 62.25
150 0 660 51 600 54.75
150 0 666 57 600 46.875
150 0 672 62 600 38.625
150 0 678 66 600 30
150 0 684 70 600 21
150 0 690 73 600 11.625
150 75 600 75 600 133.5
150 74 606 85 600 133.125
150 72 612 95 594.658 148.472
150 69 618 104 600.218 158.829
150 66 624 112 605.777 168.812
150 62 630 119 611.337 178.419
150 57 636 126 616.897 187.651
150 51 642 132 622.457 196.508
150 45 648 137 628.017 204.99
150 38 654 141 633.576 213.098
150 30 660 145 639.136 220.83
150 21 666 148 644.696 228.187
150 12 672 150 650.256 235.169
150 2 678 151 655.816 241.777
150 0 684 152 661.375 248.009
150 0 690 152 666.935 253.866
150 0 696 151 672.495 259.348
150 0 702 149 678.055 264.456
150 0 708 147 683.615 269.188
150 0 714 144 689.175 273.545
150 0 720 140 694.734 277.527
150 0 726 135 700.294 281.135
150 0 732 130 705.854 284.367
150 0 738 124 711.414 287.224
150 0 744 117 716.974 289.706
150 0 750 109 722.533 291.813
150 0 756 101 728.093 293.546
150 0 762 92 733.653 294.903
150 0 768 82 739.213 295.885
150 0 774 71 733.653 296.492
150 0 780 60 728.093 296.725
150 0 786 48 722.533 296.582
150 0 792 35 716.974 296.064
150 0 798 45 711.414 295.171
150 0 804 55 705.854 293.904
150 0 810 64 700.294 292.261
150 0 816 72 694.734 290.243
150 0 822 79 689.175 287.85
150 0 828 86 683.615 285.083
150 0 834 92 678.055 281.94
150 0 840 97 672.495 278.422
150 0 846 101 666.935 274.529
150 0 852 105 661.375 270.262
150 0 858 108 655.816 265.619
150 0 864 110 650.256 260.601
150 0 870 111 644.696 255.208
150 0 876 112 639.136 249.44
150 0 882 112 633.576 243.298
150 0 888 111 628.017 236.78
150 0 894 109 622.457 229.887
150 0 900 107 616.897 222.619
150 0 906 104 611.337 214.977
150 0 912 100 605.777 206.959
150 0 918 95 600.218 198.566
150 0 924 90 594.658 189.798
150 0 930 84 589.098 180.656
150 0 936 77 583.538 171.138
150 0 942 69 577.978 161.245
150 0 948 61 572.418 150.977
150 0 954 52 566.859 140.335
150 0 960 42 561.299 129.317
150 0 966 31 555.739 117.924
150 0 972 41 550.179 106.156
150 0 978 51 544.619 94.0135
150 0 984 60 539.06 81.4958
150 0 990 68 533.5 68.603
150 0 996 75 527.94 55.3352
150 0 1002 82 522.38 41.6925
150 0 1008 88 516.82 27.6747
150 0 1014 93 511.26 13.2819
150 0 1020 97 505.701 -1.48583
150 75 600 75 600 133.5
150 74 606 74 600 133.125
150 72 612 72 600 132.375
150 69 618 69 600 131.25
150 66 624 66 600 129.75
150 62 630 62 600 127.875
150 57 624 57 600 125.625
150 51 618 51 600 123
150 45 612 45 600 120
150 38 606 38 600 116.625
150 30 600 30 600 112.875
150 21 594 21 600 108.75
150 12 600 12 600 104.25
150 2 606 2 600 99.375
150 0 612 0 600 94.125
150 0 618 10 600 88.5
150 0 624 20 600 82.5
150 0 630 29 600 76.125
150 0 636 37 600 69.375
150 0 642 44 590.331 66.1438
150 0 636 51 591.172 68.73
150 0 630 57 576.812 75.1958
150 0 624 62 571.502 83.4585
150 0 618 66 566.192 91.3462
150 0 612 70 560.882 98.8589
150 0 606 73 555.572 105.997
150 0 606 75 550.262 112.759
150 0 606 76 544.952 119.147
150 0 606 77 539.643 125.16
150 0 606 77 534.333 130.797
150 0 606 76 529.023 136.06
150 0 606 74 523.713 140.948
150 0 606 72 518.403 145.46
150 0 606 69 513.093 149.598
150 0 606 65 507.783 153.361
150 0 606 60 502.473 156.748
150 0 606 55 497.163 159.761
150 0 606 49 491.853 162.399
150 0 606 42 486.543 164.662
150 0 606 34 481.233 166.549
150 0 606 26 475.923 168.062
150 0 606 17 470.613 169.2
156 0 606 7 465.303 169.962
162 0 606 0 459.993 170.35
168 0 606 0 454.683 170.363
174 0 606 0 449.373 170
180 0 606 0 444.063 169.263
186 0 606 0 438.753 168.151
192 0 606 0 433.443 166.663
198 0 606 0 428.133 164.801
204 0 606 0 422.823 162.564
210 0 606 0 417.513 159.951
216 0 606 0 412.203 156.964
222 0 606 0 406.893 153.602
228 0 606 0 401.583 149.865
234 0 606 0 396.273 145.752
240 0 606 0 390.963 141.265
246 0 606 0 385.653 136.403
252 0 606 0 380.343 131.165
258 0 606 0 375.033 125.553
258 0 606 0 369.723 119.566
258 0 606 0 364.413 113.203
258 0 606 0 359.103 106.466
258 0 606 0 353.793 99.3538
258 0 606 0 348.483 91.8665
258 0 606 0 343.174 84.0042
258 0 606 0 337.864 75.7669
258 0 606 0 332.554 67.1545
264 0 606 0 327.244 58.1672
270 0 606 0 321.934 48.8049
276 0 606 0 316.624 39.0676
282 0 606 0 322.44 39.0459
288 0 606 0 338.733 43.6229
294 0 606 0 355.025 47.8249
300 0 606 0 371.317 51.6519
306 0 606 0 387.61 55.1039
312 0 606 0 403.902 58.1809
318 0 606 0 420.194 60.8829
318 0 606 0 436.487 63.2099
318 0 606 0 452.779 65.1619
318 0 606 0 469.072 66.7389
318 0 606 0 485.364 67.9409
318 0 606 0 501.656 68.7679
318 0 606 0 517.949 69.2199
318 0 606 0 534.241 69.2969
318 0 606 0 550.533 68.9989
318 0 606 0 566.826 68.3259
318 0 606 0 583.118 67.2779
318 0 606 0 599.41 65.8549
318 0 606 0 615.703 64.0569
318 0 606 0 631.995 61.8839
318 0 606 0 648.287 59.3359
318 0 606 0 664.58 56.4129
318 0 606 0 680.872 53.1149
318 0 606 0 697.164 49.4419
318 0 606 0 713.457 45.3939
318 0 606 0 729.749 40.9709
318 0 606 0 746.041 36.1729
318 0 606 0 729.749 30.9999
318 0 606 0 713.457 25.4519
318 0 606 0 697.164 19.5288
318 0 606 0 680.872 13.2308
318 0 606 0 664.58 6.55784
150 75 600 75 600 133.5
150 74 600 74 600 133.125
150 72 600 72 600 132.375
150 69 600 69 600 131.25
150 66 600 66 600 129.75
150 62 600 62 600 127.875
150 57 600 57 600 125.625
150 51 600 51 600 123
150 45 600 45 600 120
150 38 600 38 600 116.625
150 30 600 30 600 112.875
150 21 600 21 600 108.75
150 12 606 12 600 104.25
150 2 612 2 600 99.375
150 0 618 0 600 94.125
150 0 624 10 600 88.5
150 0 630 20 600 82.5
150 0 636 29 600 76.125
150 0 642 37 600 69.375
150 0 648 44 600 62.25
150 0 654 51 600 54.75
150 0 660 57 600 46.875
150 0 666 62 600 38.625
150 0 672 66 600 30
150 0 678 70 600 21
150 0 684 73 600 11.625
150 75 600 75 600 133.5
150 74 606 85 600 133.125
150 72 612 95 594.658 148.472
150 69 618 104 600.218 158.829
150 66 624 112 605.777 168.812
150 62 630 119 611.337 178.419
150 57 636 126 616.897 187.651
150 51 642 132 622.457 196.508
150 45 648 137 628.017 204.99
150 38 654 141 633.576 213.098
150 30 660 145 639.136 220.83
150 21 666 148 644.696 228.187
150 12 672 150 650.256 235.169
150 2 678 151 655.816 241.777
150 0 684 152 661.375 248.009
150 0 690 152 666.935 253.866
150 0 696 151 672.495 259.348
150 0 702 149 678.055 264.456
150 0 708 147 683.615 269.188
150 0 714 144 689.175 273.545
150 0 720 140 694.734 277.527
150 0 726 135 700.294 281.135
150 0 732 130 705.854 284.367
150 0 738 124 711.414 287.224
150 0 744 117 716.974 289.706
150 0 750 109 722.533 291.813
150 0 756 101 728.093 293.546
150 0 762 92 733.653 294.903
150 0 768 82 739.213 295.885
150 0 774 71 733.653 296.492
150 0 780 60 728.093 296.725
150 0 786 48 722.533 296.582
150 0 792 35 716.974 296.064
150 0 798 45 711.414 295.171
150 0 804 55 705.854 293.904
150 0 810 64 700.294 292.261
150 0 816 72 694.734 290.243
150 0 822 79 689.175 287.85
150 0 828 86 683.615 285.083
150 0 834 92 678.055 281.94
150 0 840 97 672.495 278.422
150 0 846 101 666.935 274.529
150 0 852 105 661.375 270.262
150 0 858 108 655.816 265.619
150 0 864 110 650.256 260.601
150 0 870 111 644.696 255.208
150 0 876 112 639.136 249.44
150 0 882 112 633.576 243.298
150 0 888 111 628.017 236.78
150 0 894 109 622.457 229.887
150 0 900 107 616.897 222.619
150 0 906 104 611.337 214.977
150 0 912 100 605.777 206.959
150 0 918 95 600.218 198.566
150 0 924 90 594.658 189.798
150 0 930 84 589.098 180.656
150 0 936 77 583.538 171.138
150 0 942 69 577.978 161.245
150 0 948 61 572.418 150.977
150 0 954 52 566.859 140.335
150 0 960 42 561.299 129.317
150 0 966 31 555.739 117.924
150 0 972 41 550.179 106.156
150 0 978 51 544.619 94.0135
150 0 984 60 539.06 81.4958
150 0 990 68 533.5 68.603
150 0 996 75 527.94 55.3352
150 0 1002 82 522.38 41.6925
150 0 1008 88 516.82 27.6747
150 0 1014 93 511.26 13.2819
150 0 1020 97 505.701 -1.48583
