150 0 600 0 150 133.125
150 0 600 0 150 132.375
150 0 600 0 150 131.25
150 0 600 0 150 129.75
150 0 600 0 150 127.875
150 0 600 0 150 125.625
150 0 600 0 150 123
150 0 600 0 150 120
150 0 600 0 150 116.625
150 0 600 0 150 112.875
150 0 600 0 150 108.75
150 0 600 0 150 104.25
150 0 600 0 150 99.375
150 0 600 0 150 94.125
150 0 600 0 150 88.5
150 0 600 0 150 82.5
150 0 600 0 150 76.125
150 0 600 0 150 69.375
150 0 600 0 150 62.25
150 0 600 0 150 54.75
150 0 600 0 150 46.875
150 0 600 0 150 56.214
150 0 600 0 150 64.089
150 0 600 0 150 71.589
150 0 600 0 150 78.714
150 0 600 0 150 85.464
150 0 600 0 150 91.839
150 0 600 0 150 97.839
150 0 600 0 150 103.464
150 0 600 0 150 108.714
150 0 600 0 150 113.589
150 0 600 0 150 118.089
150 0 600 0 150 122.214
150 0 600 0 150 125.964
150 0 600 0 150 129.339
150 0 600 0 150 132.339
150 0 600 0 150 134.964
150 0 600 0 150 137.214
150 0 600 0 150 139.089
150 0 600 0 150 140.589
144 0 600 0 150 141.714
138 0 600 0 150 142.464
132 0 600 0 150 142.839
126 0 600 0 150 142.839
126 0 600 0 150 142.464
126 0 600 0 150 141.714
126 0 600 0 150 140.589
126 0 600 0 150 139.089
126 0 600 0 150 137.214
126 0 600 0 150 134.964
126 0 600 0 150 132.339
126 0 600 0 150 129.339
126 0 600 0 150 125.964
126 0 600 0 150 122.214
126 0 600 0 150 118.089
126 0 600 0 150 113.589
126 0 600 0 150 108.714
126 0 600 0 150 103.464
126 0 600 0 150 97.839
126 0 600 0 150 91.839
126 0 600 0 150 85.464
126 0 600 0 150 78.714
126 0 600 0 150 71.589
126 0 600 0 150 64.089
126 0 600 0 150 56.214
126 10 600 0 156.591 57.1614
126 20 600 0 164.124 71.025
126 29 600 0 171.657 84.5136
126 37 600 0 179.191 97.6272
126 44 606 0 186.724 110.366
126 51 612 0 194.257 122.729
126 57 618 0 201.79 134.718
126 62 624 0 209.323 146.332
126 66 630 0 216.856 157.57
126 70 636 0 224.39 168.434
126 73 642 0 231.923 178.923
126 75 648 0 239.456 189.036
126 76 654 0 246.989 198.775
126 77 660 0 254.522 208.138
126 77 666 0 262.055 217.127
126 76 672 0 269.589 225.741
126 74 678 0 277.122 233.979
126 72 684 0 284.655 241.843
126 69 690 0 292.188 249.332
126 65 696 0 299.721 256.445
126 60 702 0 307.254 263.184
126 55 708 0 314.788 269.547
126 49 714 0 322.321 275.536
126 42 708 0 329.854 281.15
126 34 702 0 337.387 286.388
126 26 696 0 344.92 291.252
126 17 690 0 352.453 295.741
126 7 684 0 359.987 299.854
126 0 678 0 367.52 303.593
126 0 672 0 375.053 306.956
126 0 678 0 382.586 309.945
126 0 684 0 390.119 312.559
126 0 690 0 397.652 314.797
126 0 696 0 405.186 316.661
126 0 702 0 412.719 318.15
126 0 708 0 420.252 319.263
126 0 714 0 427.785 320.002
126 0 720 0 435.318 320.365
126 0 726 0 442.851 320.354
126 0 732 0 450.384 319.968
126 0 738 0 457.918 319.206
126 0 744 0 465.451 318.07
126 0 738 0 472.984 316.559
126 0 732 0 480.517 314.672
126 0 726 0 488.05 312.411
126 0 720 0 495.583 309.774
126 0 714 0 503.117 306.763
126 0 708 0 510.65 303.377
126 0 702 0 518.183 299.615
126 0 696 0 525.716 295.479
126 0 690 0 533.249 290.968
126 0 684 0 540.782 286.081
126 0 690 0 548.316 280.82
126 0 696 0 555.849 275.183
126 0 702 0 563.382 269.172
126 0 708 0 570.915 262.786
126 0 714 0 578.448 256.024
126 0 720 0 585.981 248.888
126 0 726 0 593.515 241.377
126 0 732 0 601.048 233.49
126 0 738 0 608.581 225.229
126 0 732 0 616.114 216.592
126 0 726 0 623.647 207.581
126 0 720 0 631.18 198.195
126 0 714 10 638.714 188.433
126 0 720 20 646.247 178.297
126 0 726 30 653.78 167.786
126 0 732 40 661.313 156.899
126 0 738 50 668.846 145.638
126 0 744 60 676.379 134.001
126 0 750 69 683.912 121.99
126 0 756 77 691.446 109.604
126 0 762 84 698.979 96.8423
126 0 768 91 706.512 83.706
126 0 774 97 714.045 70.1946
126 0 780 102 721.578 56.3082
126 0 786 106 729.111 42.0468
126 0 792 110 736.645 27.4105
126 0 798 113 744.178 12.3991
126 0 804 115 736.645 -2.98728
150 75 600 75 600 133.5
150 74 606 74 600 133.125
150 72 612 72 600 132.375
150 69 618 69 600 131.25
150 66 624 66 600 129.75
150 62 630 62 600 127.875
150 57 624 57 600 125.625
150 51 618 51 600 123
150 45 612 45 600 120
150 38 606 38 600 116.625
150 30 600 30 600 112.875
150 21 594 21 600 108.75
150 12 600 12 600 104.25
150 2 606 2 600 99.375
150 0 612 0 600 94.125
150 0 618 10 600 88.5
150 0 624 20 600 82.5
150 0 630 29 600 76.125
150 0 636 37 600 69.375
150 0 642 44 590.331 66.1438
150 0 636 51 591.172 68.73
150 0 630 57 576.812 75.1958
150 0 624 62 571.502 83.4585
150 0 618 66 566.192 91.3462
150 0 612 70 560.882 98.8589
150 0 606 73 555.572 105.997
150 0 606 75 550.262 112.759
150 0 606 76 544.952 119.147
150 0 606 77 539.643 125.16
150 0 606 77 534.333 130.797
150 0 606 76 529.023 136.06
150 0 606 74 523.713 140.948
150 0 606 72 518.403 145.46
150 0 606 69 513.093 149.598
150 0 606 65 507.783 153.361
150 0 606 60 502.473 156.748
150 0 606 55 497.163 159.761
150 0 606 49 491.853 162.399
150 0 606 42 486.543 164.662
150 0 606 34 481.233 166.549
150 0 606 26 475.923 168.062
150 0 606 17 470.613 169.2
150 0 606 7 465.303 169.962
150 0 606 0 459.993 170.35
150 0 606 0 454.683 170.363
150 0 606 0 449.373 170
150 0 606 0 444.063 169.263
150 0 606 0 438.753 168.151
156 0 606 0 433.443 166.663
162 0 606 0 428.133 164.801
168 0 606 0 422.823 162.564
174 0 606 0 417.513 159.951
180 0 606 0 412.203 156.964
186 0 606 0 406.893 153.602
192 0 606 0 401.583 149.865
198 0 606 0 396.273 145.752
204 0 606 0 390.963 141.265
210 0 606 0 385.653 136.403
216 0 606 0 380.343 131.165
222 0 606 0 375.033 125.553
228 0 606 0 369.723 119.566
234 0 606 0 364.413 113.203
240 0 606 0 359.103 106.466
246 0 606 0 353.793 99.3538
252 0 606 0 348.483 91.8665
258 0 606 0 343.174 84.0042
264 0 606 0 337.864 75.7669
270 0 606 0 332.554 67.1545
276 0 606 0 327.244 58.1672
276 0 606 0 321.934 48.8049
276 0 606 0 316.624 39.0676
276 0 606 0 319.896 35.1166
276 0 606 0 330.927 37.7023
276 0 606 0 341.958 39.913
276 0 606 0 352.99 41.7487
276 0 606 0 364.021 43.2094
276 0 606 0 364.021 44.295
276 0 606 0 364.021 45.0057
276 0 606 0 364.021 45.3414
276 0 606 0 364.021 45.3021
276 0 606 0 364.021 44.8878
276 0 606 0 364.021 44.0985
276 0 606 0 364.021 42.9342
276 0 606 0 364.021 41.3948
276 0 606 0 364.021 39.4805
276 0 606 0 364.021 37.1912
276 0 606 0 364.021 34.5269
276 0 606 0 364.021 31.4876
276 0 606 0 364.021 28.0733
276 0 606 0 364.021 24.284
276 0 606 0 364.021 20.1197
276 0 606 0 364.021 15.5803
276 0 606 0 364.021 10.666
150 75 600 75 150 133.5
150 74 600 74 150 133.125
150 72 600 72 150 132.375
150 69 600 69 150 131.25
150 66 600 66 150 129.75
150 62 600 62 150 127.875
150 57 600 57 150 125.625
150 51 600 51 150 123
150 45 600 45 150 120
150 38 600 38 150 116.625
150 30 600 30 150 112.875
150 21 600 21 150 108.75
150 12 600 12 150 104.25
150 2 600 2 150 99.375
150 0 600 0 150 94.125
150 0 600 0 150 88.5
150 0 600 0 150 82.5
150 0 600 0 150 76.125
150 0 600 0 150 69.375
150 0 600 0 150 62.25
150 0 600 0 150 54.75
150 0 600 0 150 46.875
150 0 600 0 150 56.214
150 0 600 0 150 64.089
150 0 600 0 150 71.589
150 0 600 0 150 78.714
150 0 600 0 150 85.464
150 0 600 0 150 91.839
150 0 600 0 150 97.839
150 0 600 0 150 103.464
150 0 600 0 150 108.714
150 0 600 0 150 113.589
150 0 600 0 150 118.089
150 0 600 0 150 122.214
150 0 600 0 150 125.964
150 0 600 0 150 129.339
150 0 600 0 150 132.339
150 0 600 0 150 134.964
150 0 600 0 150 137.214
150 0 600 0 150 139.089
150 0 600 0 150 140.589
150 0 600 0 150 141.714
150 0 600 0 150 142.464
150 0 600 0 150 142.839
150 0 600 0 150 142.464
150 0 600 0 150 141.714
150 0 600 0 150 140.589
150 0 600 0 150 139.089
150 0 600 0 150 137.214
150 0 600 0 150 134.964
144 0 600 0 150 132.339
138 0 600 0 150 129.339
132 0 600 0 150 125.964
126 0 600 0 150 122.214
120 0 600 0 150 118.089
120 0 600 0 150 113.589
120 0 600 0 150 108.714
120 0 600 0 150 103.464
120 0 600 0 150 97.839
120 0 600 0 150 91.839
120 10 600 0 150 85.464
120 20 600 0 150 78.714
120 29 600 0 150 71.589
114 37 600 0 158.971 70.7284
108 44 600 0 160.171 76.8784
102 51 600 0 161.371 82.6534
96 57 600 0 162.571 88.0534
90 62 600 0 163.771 93.0784
84 66 600 0 164.971 97.7284
78 70 600 0 166.171 102.003
72 73 600 0 167.371 105.903
66 75 600 0 168.571 109.428
60 76 600 0 169.771 112.578
54 77 600 0 170.971 115.353
54 77 600 0 172.171 117.753
54 76 600 0 173.371 119.778
54 74 600 0 174.571 121.428
54 72 600 0 175.771 122.703
54 69 600 0 176.971 123.603
54 65 600 0 178.171 124.128
54 60 600 0 179.371 124.278
54 55 600 0 180.571 124.053
54 49 600 0 181.771 123.453
54 42 600 0 182.971 122.478
54 34 600 0 184.171 121.128
54 26 600 0 185.371 119.403
54 17 600 0 186.571 117.303
60 7 600 0 187.771 114.828
66 0 600 0 188.971 111.978
72 0 600 0 190.171 108.753
78 0 600 0 191.371 105.153
84 0 600 0 192.571 101.178
90 0 600 0 193.771 96.8284
96 0 600 0 194.971 92.1034
102 0 600 0 196.171 87.0034
108 0 600 0 197.371 81.5284
114 0 600 0 198.571 75.6784
120 0 600 0 199.771 69.4534
126 0 600 0 200.971 62.8534
132 0 600 0 202.171 55.8784
138 0 600 0 203.371 48.5284
144 0 600 0 204.571 40.8034
150 0 600 0 205.771 32.7034
156 0 600 0 206.971 24.2284
162 0 600 0 208.171 15.3784
168 0 600 0 223.622 8.13974
150 75 600 75 150 133.5
150 74 600 74 150 133.125
150 72 600 72 150 132.375
150 69 600 69 150 131.25
150 66 600 66 150 129.75
150 62 600 62 150 127.875
150 57 600 57 150 125.625
150 51 600 51 150 123
150 45 600 45 150 120
150 38 600 38 150 116.625
150 30 600 30 150 112.875
150 21 600 21 150 108.75
150 12 600 12 150 104.25
150 2 600 2 150 99.375
150 0 600 0 150 94.125
150 0 600 0 150 88.5
150 0 600 0 150 82.5
150 0 600 0 150 76.125
150 0 600 0 150 69.375
150 0 600 0 150 62.25
150 0 600 0 150 54.75
150 0 600 0 150 46.875
150 0 600 0 150 56.214
150 0 600 0 150 64.089
150 0 600 0 150 71.589
150 0 600 0 150 78.714
150 0 600 0 150 85.464
150 0 600 0 150 91.839
150 0 600 0 150 97.839
150 0 600 0 150 103.464
150 0 600 0 150 108.714
150 0 600 0 150 113.589
144 0 600 0 150 118.089
138 0 600 0 150 122.214
132 0 600 0 150 125.964
126 0 600 0 150 129.339
126 0 600 0 150 132.339
126 0 600 0 150 134.964
126 0 600 0 150 137.214
126 0 600 0 150 139.089
126 0 600 0 150 140.589
126 0 600 0 150 141.714
126 0 600 0 150 142.464
126 0 600 0 150 142.839
126 0 600 0 150 142.464
126 0 600 0 150 141.714
126 0 600 0 150 140.589
126 0 600 0 150 139.089
126 0 600 0 150 137.214
126 0 600 0 150 134.964
126 0 600 0 150 132.339
126 0 600 0 150 129.339
126 0 600 0 150 125.964
126 0 600 0 150 122.214
126 0 600 0 150 118.089
126 0 600 0 150 113.589
126 0 600 0 150 108.714
126 0 600 0 150 103.464
126 0 600 0 150 97.839
126 10 600 0 150 91.839
126 20 600 0 150 85.464
126 29 600 0 150 78.714
126 37 600 0 158.418 82.925
126 44 600 0 165.131 93.561
126 51 594 0 171.845 103.822
126 57 588 0 178.559 113.708
126 62 582 0 185.272 123.219
126 66 576 0 191.986 132.355
126 70 570 0 198.699 141.116
126 73 564 0 205.413 149.502
126 75 558 0 212.127 157.513
126 76 552 0 218.84 165.149
126 77 546 0 225.554 172.41
126 77 540 0 232.268 179.296
126 76 534 0 238.981 185.807
126 74 528 0 245.695 191.943
126 72 522 0 252.408 197.704
126 69 516 0 259.122 203.09
126 65 510 0 265.836 208.101
126 60 516 0 272.549 212.737
126 55 522 0 279.263 216.997
126 49 528 0 285.977 220.883
126 42 534 0 292.69 224.394
126 34 540 0 299.404 227.53
126 26 546 0 306.117 230.291
126 17 552 0 312.831 232.677
126 7 558 0 319.545 234.688
126 0 564 0 326.258 236.324
126 0 558 0 332.972 237.585
126 0 552 0 339.686 238.471
126 0 546 0 346.399 238.982
126 0 540 0 353.113 239.118
126 0 534 0 359.826 238.879
126 0 528 0 366.54 238.265
126 0 534 0 373.254 237.276
126 0 540 0 379.967 235.912
126 0 546 0 386.681 234.173
126 0 552 0 393.395 232.059
126 0 558 0 400.108 229.57
126 0 564 0 406.822 226.706
126 0 570 0 413.535 223.467
126 0 576 0 420.249 219.853
126 0 570 0 426.963 215.864
126 0 564 0 433.676 211.5
126 0 558 0 440.39 206.761
126 0 552 0 447.104 201.647
126 0 546 0 453.817 196.158
126 0 540 0 460.531 190.294
126 0 534 0 467.244 184.055
126 0 528 0 473.958 177.441
126 0 522 0 480.672 170.452
126 0 528 0 487.385 163.088
126 0 534 0 494.099 155.349
126 0 540 0 500.813 147.235
126 0 546 10 507.526 138.745
126 0 540 20 514.24 129.881
126 0 534 29 520.953 120.642
126 0 528 37 527.667 111.028
126 0 522 44 534.381 101.039
126 0 516 51 541.094 90.6753
126 0 522 57 564.201 94.1365
126 0 528 62 579.999 92.112
126 0 534 66 595.797 89.7125
126 0 540 70 611.596 86.938
126 0 546 73 627.394 83.7885
126 0 552 75 643.192 80.2639
126 0 558 76 658.99 76.3644
126 0 564 77 674.789 72.0899
126 0 570 77 690.587 67.4404
126 0 576 76 706.385 62.4159
126 0 582 74 722.184 57.0163
126 0 588 72 737.982 51.2418
126 0 594 69 753.78 45.0923
126 0 600 65 737.982 38.5678
126 0 606 60 722.184 31.6683
126 0 612 55 706.385 24.3937
126 0 618 49 690.587 16.7442
126 0 624 42 674.789 8.71971
150 75 600 75 600 133.5
150 74 606 74 600 133.125
150 72 612 72 600 132.375
150 69 618 69 600 131.25
150 66 624 66 600 129.75
150 62 630 62 600 127.875
150 57 624 57 600 125.625
150 51 618 51 600 123
150 45 612 45 600 120
150 38 606 38 600 116.625
150 30 600 30 600 112.875
150 21 594 21 600 108.75
150 12 600 12 600 104.25
150 2 606 2 600 99.375
150 0 612 0 600 94.125
150 0 618 10 600 88.5
150 0 624 20 600 82.5
150 0 630 29 600 76.125
150 0 636 37 600 69.375
150 0 642 44 590.331 66.1438
150 0 636 51 591.172 68.73
150 0 630 57 576.812 75.1958
150 0 624 62 571.502 83.4585
150 0 618 66 566.192 91.3462
150 0 612 70 560.882 98.8589
150 0 606 73 555.572 105.997
150 0 606 75 550.262 112.759
150 0 606 76 544.952 119.147
150 0 606 77 539.643 125.16
150 0 606 77 534.333 130.797
150 0 606 76 529.023 136.06
150 0 606 74 523.713 140.948
150 0 606 72 518.403 145.46
150 0 606 69 513.093 149.598
150 0 606 65 507.783 153.361
150 0 606 60 502.473 156.748
150 0 606 55 497.163 159.761
150 0 606 49 491.853 162.399
150 0 606 42 486.543 164.662
150 0 606 34 481.233 166.549
156 0 606 26 475.923 168.062
162 0 606 17 470.613 169.2
168 0 606 7 465.303 169.962
174 0 606 0 459.993 170.35
180 0 606 0 454.683 170.363
186 0 606 0 449.373 170
192 0 606 0 444.063 169.263
198 0 606 0 438.753 168.151
204 0 606 0 433.443 166.663
210 0 606 0 428.133 164.801
216 0 606 0 422.823 162.564
222 0 606 0 417.513 159.951
228 0 606 0 412.203 156.964
234 0 606 0 406.893 153.602
240 0 606 0 401.583 149.865
246 0 606 0 396.273 145.752
252 0 606 0 390.963 141.265
258 0 606 0 385.653 136.403
264 0 606 0 380.343 131.165
270 0 606 0 375.033 125.553
276 0 606 0 369.723 119.566
282 0 606 0 364.413 113.203
288 0 606 0 359.103 106.466
294 0 606 0 353.793 99.3538
294 0 606 0 348.483 91.8665
294 0 606 0 343.174 84.0042
294 0 606 0 337.864 75.7669
294 0 606 0 332.554 67.1545
294 0 606 0 327.244 58.1672
294 0 606 0 321.934 48.8049
294 0 606 0 321.619 48.9612
294 0 606 0 327.207 58.167
294 0 606 0 332.794 66.9978
294 0 606 0 338.381 75.4536
294 0 606 0 343.969 83.5344
294 0 606 0 349.556 91.2402
294 0 600 0 355.144 98.571
294 0 594 0 360.731 105.527
294 0 588 0 366.319 112.108
294 0 582 0 371.906 118.313
294 0 576 0 377.493 124.144
294 0 570 0 383.081 129.6
294 0 564 0 388.668 134.681
294 0 558 0 394.256 139.387
294 0 552 0 399.843 143.717
294 0 546 0 405.43 147.673
294 0 540 0 411.018 151.254
294 0 546 0 416.605 154.46
294 0 552 0 422.193 157.291
294 0 558 0 427.78 159.746
294 0 564 0 433.368 161.827
294 0 570 0 438.955 163.533
294 0 576 0 444.542 164.864
294 0 582 0 450.13 165.82
294 0 588 0 455.717 166.4
294 0 594 0 461.305 166.606
294 0 600 0 466.892 166.437
294 0 606 0 472.48 165.893
294 0 612 0 478.067 164.974
294 0 618 0 483.654 163.679
294 0 612 0 489.242 162.01
294 0 606 0 494.829 159.966
294 0 600 0 500.417 157.547
294 0 594 0 506.004 154.753
294 0 588 0 511.591 151.583
294 0 582 0 517.179 148.039
294 0 576 10 522.766 144.12
294 0 570 20 528.354 139.826
294 0 564 29 533.941 135.157
294 0 558 37 539.529 130.112
294 0 552 44 545.116 124.693
294 0 546 51 550.703 118.899
294 0 540 57 556.291 112.73
294 0 534 62 561.878 106.186
294 0 540 66 575.597 109.507
294 0 546 70 589.485 109.901
294 0 552 73 603.374 109.919
294 0 558 75 617.263 109.562
294 0 564 76 631.151 108.831
294 0 570 77 645.04 107.724
294 0 576 77 658.928 106.242
294 0 582 76 672.817 104.386
294 0 588 74 686.706 102.154
294 0 594 72 700.594 99.5475
294 0 600 69 714.483 96.5658
294 0 606 65 728.371 93.2092
294 0 612 60 742.26 89.4775
294 0 618 55 728.371 85.3709
294 0 624 49 714.483 80.8893
294 0 630 42 700.594 76.0326
294 0 636 34 686.706 70.801
294 0 642 26 672.817 65.1943
294 0 648 17 661.02 71.6853
294 0 654 7 657.317 74.284
294 0 660 0 653.615 76.5076
294 0 666 10 649.912 78.3563
294 0 672 20 646.209 79.8299
294 0 666 29 642.506 80.9286
294 0 660 37 638.803 81.6522
294 0 654 44 628.86 94.2793
294 0 648 51 620.918 98.6079
294 0 642 57 612.975 102.561
294 0 636 62 605.032 106.14
294 0 630 66 597.089 109.344
294 0 624 70 589.146 112.172
294 0 618 73 581.204 114.626
294 0 612 75 573.261 116.704
294 0 606 76 565.318 118.408
294 0 600 77 557.375 119.736
294 0 594 77 549.433 120.69
294 0 588 76 541.49 121.268
294 0 582 74 533.547 121.472
294 0 576 72 525.604 121.301
294 0 570 69 517.661 120.754
294 0 564 65 509.719 119.833
294 0 558 60 501.776 118.536
294 0 552 55 493.833 116.865
294 0 546 49 485.89 114.818
294 0 540 42 477.948 112.397
294 0 534 34 470.005 109.6
294 0 528 26 462.062 106.429
294 0 522 17 454.119 102.882
294 0 516 7 446.177 98.961
294 0 510 0 438.234 94.6646
294 0 504 10 430.291 89.9931
294 0 498 20 422.348 84.9467
294 0 492 29 414.405 79.5253
294 0 486 37 406.463 73.7288
294 0 480 44 398.52 67.5574
294 0 474 51 390.577 61.0109
294 0 468 57 382.634 54.0895
294 0 462 62 374.692 46.793
294 0 456 66 374.692 39.1216
294 0 450 70 374.692 31.0751
294 0 444 73 374.692 22.6537
294 0 438 75 374.692 13.8572
294 0 432 76 374.692 4.68578
150 75 600 75 600 133.5
150 74 594 74 600 133.125
150 72 588 72 600 132.375
150 69 582 69 600 131.25
150 66 576 66 600 129.75
150 62 570 62 600 127.875
150 57 576 57 600 125.625
150 51 582 51 600 123
150 45 588 45 600 120
150 38 594 38 600 116.625
150 30 600 30 600 112.875
150 21 606 21 600 108.75
150 12 612 12 600 104.25
150 2 618 2 600 99.375
150 0 624 0 600 94.125
150 0 630 10 600 88.5
150 0 636 20 600 82.5
150 0 642 29 600 76.125
150 0 648 37 600 69.375
150 0 654 44 600 62.25
150 0 660 51 600 54.75
150 0 666 57 600 46.875
150 0 672 62 600 38.625
150 0 678 66 600 30
150 0 684 70 600 21
150 0 690 73 600 11.625
150 75 600 75 600 133.5
150 74 606 85 600 133.125
150 72 612 95 594.658 148.472
150 69 618 104 600.218 158.829
150 66 624 112 605.777 168.812
150 62 630 119 611.337 178.419
150 57 636 126 616.897 187.651
150 51 642 132 622.457 196.508
150 45 648 137 628.017 204.99
150 38 654 141 633.576 213.098
150 30 660 145 639.136 220.83
150 21 666 148 644.696 228.187
150 12 672 150 650.256 235.169
150 2 678 151 655.816 241.777
150 0 684 152 661.375 248.009
150 0 690 152 666.935 253.866
150 0 696 151 672.495 259.348
150 0 702 149 678.055 264.456
150 0 708 147 683.615 269.188
150 0 714 144 689.175 273.545
150 0 720 140 694.734 277.527
150 0 726 135 700.294 281.135
150 0 732 130 705.854 284.367
150 0 738 124 711.414 287.224
150 0 744 117 716.974 289.706
150 0 750 109 722.533 291.813
150 0 756 101 728.093 293.546
150 0 762 92 733.653 294.903
150 0 768 82 739.213 295.885
150 0 774 71 733.653 296.492
150 0 780 60 728.093 296.725
150 0 786 48 722.533 296.582
150 0 792 35 716.974 296.064
150 0 798 45 711.414 295.171
150 0 804 55 705.854 293.904
150 0 810 64 700.294 292.261
150 0 816 72 694.734 290.243
150 0 822 79 689.175 287.85
150 0 828 86 683.615 285.083
150 0 834 92 678.055 281.94
150 0 840 97 672.495 278.422
150 0 846 101 666.935 274.529
150 0 852 105 661.375 270.262
150 0 858 108 655.816 265.619
150 0 864 110 650.256 260.601
150 0 870 111 644.696 255.208
150 0 876 112 639.136 249.44
150 0 882 112 633.576 243.298
150 0 888 111 628.017 236.78
150 0 894 109 622.457 229.887
150 0 900 107 616.897 222.619
150 0 906 104 611.337 214.977
150 0 912 100 605.777 206.959
150 0 918 95 600.218 198.566
150 0 924 90 594.658 189.798
150 0 930 84 589.098 180.656
150 0 936 77 583.538 171.138
150 0 942 69 577.978 161.245
150 0 948 61 572.418 150.977
150 0 954 52 566.859 140.335
150 0 960 42 561.299 129.317
150 0 966 31 555.739 117.924
150 0 972 41 550.179 106.156
150 0 978 51 544.619 94.0135
150 0 984 60 539.06 81.4958
150 0 990 68 533.5 68.603
150 0 996 75 527.94 55.3352
150 0 1002 82 522.38 41.6925
150 0 1008 88 516.82 27.6747
150 0 1014 93 511.26 13.2819
150 0 1020 97 505.701 -1.48583
150 75 600 75 600 133.5
150 74 606 74 600 133.125
150 72 612 72 600 132.375
150 69 618 69 600 131.25
150 66 624 66 600 129.75
150 62 630 62 600 127.875
150 57 624 57 600 125.625
150 51 618 51 600 123
150 45 612 45 600 120
150 38 606 38 600 116.625
150 30 600 30 600 112.875
150 21 594 21 600 108.75
150 12 600 12 600 104.25
150 2 606 2 600 99.375
150 0 612 0 600 94.125
150 0 618 10 600 88.5
150 0 624 20 600 82.5
150 0 630 29 600 76.125
150 0 636 37 600 69.375
150 0 642 44 590.331 66.1438
150 0 636 51 591.172 68.73
150 0 630 57 576.812 75.1958
150 0 624 62 571.502 83.4585
150 0 618 66 566.192 91.3462
150 0 612 70 560.882 98.8589
150 0 606 73 555.572 105.997
150 0 606 75 550.262 112.759
150 0 606 76 544.952 119.147
150 0 606 77 539.643 125.16
150 0 606 77 534.333 130.797
150 0 606 76 529.023 136.06
150 0 606 74 523.713 140.948
150 0 606 72 518.403 145.46
150 0 606 69 513.093 149.598
150 0 606 65 507.783 153.361
150 0 606 60 502.473 156.748
150 0 606 55 497.163 159.761
150 0 606 49 491.853 162.399
150 0 606 42 486.543 164.662
150 0 606 34 481.233 166.549
150 0 606 26 475.923 168.062
150 0 606 17 470.613 169.2
150 0 606 7 465.303 169.962
150 0 606 0 459.993 170.35
150 0 606 0 454.683 170.363
150 0 606 0 449.373 170
156 0 606 0 444.063 169.263
162 0 606 0 438.753 168.151
168 0 606 0 433.443 166.663
174 0 606 0 428.133 164.801
180 0 606 0 422.823 162.564
186 0 606 0 417.513 159.951
192 0 606 0 412.203 156.964
198 0 606 0 406.893 153.602
204 0 606 0 401.583 149.865
210 0 606 0 396.273 145.752
216 0 606 0 390.963 141.265
222 0 606 0 385.653 136.403
228 0 606 0 380.343 131.165
234 0 606 0 375.033 125.553
240 0 606 0 369.723 119.566
246 0 606 0 364.413 113.203
252 0 606 0 359.103 106.466
258 0 606 0 353.793 99.3538
264 0 606 0 348.483 91.8665
270 0 606 0 343.174 84.0042
276 0 606 0 337.864 75.7669
282 0 606 0 332.554 67.1545
288 0 606 0 327.244 58.1672
294 0 606 0 321.934 48.8049
300 0 606 0 321.336 52.0074
306 0 606 0 330.395 62.2934
312 0 606 0 339.453 72.2044
318 0 606 0 348.512 81.7403
324 0 606 0 357.571 90.9013
324 0 606 0 366.629 99.6873
324 0 612 0 375.688 108.098
324 0 618 0 384.746 116.134
324 0 624 0 393.805 123.795
324 0 630 0 402.863 131.081
324 0 636 0 411.922 137.992
324 0 642 0 420.98 144.528
324 0 648 0 430.039 150.689
324 0 654 0 439.098 156.475
324 0 660 0 448.156 161.886
324 0 666 0 457.215 166.922
324 0 672 0 466.273 171.583
324 0 678 0 475.332 175.869
324 0 684 0 484.39 179.78
324 0 690 0 493.449 183.316
324 0 696 0 502.507 186.477
324 0 702 0 511.566 189.263
324 0 708 0 520.625 191.674
324 0 714 0 529.683 193.71
324 0 720 0 538.742 195.371
324 0 726 0 547.8 196.657
324 0 732 0 556.859 197.568
324 0 738 0 565.917 198.104
324 0 744 0 574.976 198.265
324 0 750 0 584.034 198.051
324 0 756 0 593.093 197.462
318 0 762 0 602.151 196.497
312 0 768 0 611.21 195.158
306 0 774 0 620.269 193.444
300 0 780 0 629.327 191.355
294 0 786 10 638.386 188.891
288 0 792 20 647.444 186.052
282 0 798 30 656.503 182.838
276 0 804 40 665.561 179.249
270 0 810 50 674.62 175.285
264 0 816 60 683.678 170.946
258 0 822 69 692.737 166.232
252 0 828 77 701.796 161.143
246 0 834 84 710.854 155.679
240 0 840 91 719.913 149.84
234 0 846 97 728.971 143.626
228 0 852 102 738.03 137.037
222 0 858 106 728.971 130.073
216 0 864 110 719.913 122.734
210 0 870 113 710.854 115.02
204 0 876 115 701.796 106.931
198 0 882 116 692.737 98.4669
192 0 888 117 683.678 89.6279
186 0 894 117 674.62 80.4138
180 0 900 116 665.561 70.8248
180 0 906 114 656.503 60.8608
180 0 912 112 647.444 50.5217
180 0 918 109 638.386 39.8077
180 0 924 105 629.327 28.7187
180 0 930 100 620.269 17.2546
180 0 936 95 611.21 5.41561
150 75 600 75 600 133.5
150 74 606 74 600 133.125
150 72 612 72 600 132.375
150 69 618 69 600 131.25
150 66 624 66 600 129.75
150 62 630 62 600 127.875
150 57 624 57 600 125.625
150 51 618 51 600 123
150 45 612 45 600 120
150 38 606 38 600 116.625
150 30 600 30 600 112.875
150 21 594 21 600 108.75
150 12 600 12 600 104.25
150 2 606 2 600 99.375
150 0 612 0 600 94.125
150 0 618 10 600 88.5
150 0 624 20 600 82.5
150 0 630 29 600 76.125
150 0 636 37 600 69.375
150 0 642 44 590.331 66.1438
150 0 636 51 591.172 68.73
150 0 630 57 576.812 75.1958
150 0 624 62 571.502 83.4585
150 0 618 66 566.192 91.3462
150 0 612 70 560.882 98.8589
150 0 606 73 555.572 105.997
150 0 606 75 550.262 112.759
150 0 606 76 544.952 119.147
150 0 606 77 539.643 125.16
150 0 606 77 534.333 130.797
150 0 606 76 529.023 136.06
150 0 606 74 523.713 140.948
150 0 606 72 518.403 145.46
150 0 606 69 513.093 149.598
150 0 606 65 507.783 153.361
150 0 606 60 502.473 156.748
156 0 606 55 497.163 159.761
162 0 606 49 491.853 162.399
168 0 606 42 486.543 164.662
174 0 606 34 481.233 166.549
180 0 606 26 475.923 168.062
186 0 606 17 470.613 169.2
192 0 606 7 465.303 169.962
198 0 606 0 459.993 170.35
204 0 606 0 454.683 170.363
210 0 606 0 449.373 170
216 0 606 0 444.063 169.263
222 0 606 0 438.753 168.151
228 0 606 0 433.443 166.663
234 0 606 0 428.133 164.801
240 0 606 0 422.823 162.564
246 0 606 0 417.513 159.951
252 0 606 0 412.203 156.964
258 0 606 0 406.893 153.602
264 0 606 0 401.583 149.865
264 0 606 0 396.273 145.752
264 0 606 0 390.963 141.265
264 0 606 0 385.653 136.403
264 0 606 0 380.343 131.165
264 0 606 0 375.033 125.553
264 0 606 0 369.723 119.566
264 0 606 0 364.413 113.203
264 0 606 0 359.103 106.466
264 0 606 0 353.793 99.3538
264 0 606 0 348.483 91.8665
264 0 606 0 343.174 84.0042
264 0 606 0 337.864 75.7669
264 0 606 0 332.554 67.1545
264 0 606 0 327.244 58.1672
264 0 606 0 321.934 48.8049
264 0 606 0 316.624 39.0676
264 0 606 0 311.314 28.9553
264 0 606 0 315.669 22.1438
264 0 606 0 326.925 18.3813
264 0 606 0 338.181 14.2438
264 0 606 0 349.438 9.73136
150 75 600 75 150 133.5
150 74 600 74 150 133.125
150 72 600 72 150 132.375
150 69 600 69 150 131.25
150 66 600 66 150 129.75
150 62 600 62 150 127.875
150 57 600 57 150 125.625
150 51 600 51 150 123
150 45 600 45 150 120
150 38 600 38 150 116.625
150 30 600 30 150 112.875
150 21 600 21 150 108.75
150 12 600 12 150 104.25
150 2 600 2 150 99.375
150 0 600 0 150 94.125
150 0 600 0 150 88.5
150 0 600 0 150 82.5
150 0 600 0 150 76.125
150 0 600 0 150 69.375
150 0 600 0 150 62.25
150 0 600 0 150 54.75
150 0 600 0 150 46.875
150 0 600 0 150 56.214
150 0 600 0 150 64.089
150 0 600 0 150 71.589
144 0 600 0 150 78.714
138 0 600 0 150 85.464
132 0 600 0 150 91.839
126 0 600 0 150 97.839
126 0 600 0 150 103.464
126 0 600 0 150 108.714
126 0 600 0 150 113.589
126 0 600 0 150 118.089
126 0 600 0 150 122.214
126 0 600 0 150 125.964
126 0 600 0 150 129.339
126 0 600 0 150 132.339
126 0 600 0 150 134.964
126 0 600 0 150 137.214
126 0 600 0 150 139.089
126 0 600 0 150 140.589
126 0 600 0 150 141.714
126 0 600 0 150 142.464
126 0 600 0 150 142.839
126 0 600 0 150 142.464
126 0 600 0 150 141.714
126 0 600 0 150 140.589
126 0 600 0 150 139.089
126 0 600 0 150 137.214
126 0 600 0 150 134.964
126 0 600 0 150 132.339
126 0 600 0 150 129.339
126 0 600 0 150 125.964
126 0 600 0 150 122.214
126 0 600 0 150 118.089
126 0 600 0 150 113.589
126 0 600 0 150 108.714
126 0 600 0 150 103.464
126 0 600 0 150 97.839
126 10 600 0 150 91.839
126 20 600 0 150 85.464
126 29 600 0 150 78.714
126 37 600 0 158.418 82.925
126 44 600 0 165.131 93.561
126 51 594 0 171.845 103.822
126 57 588 0 178.559 113.708
126 62 582 0 185.272 123.219
126 66 576 0 191.986 132.355
126 70 570 0 198.699 141.116
126 73 564 0 205.413 149.502
126 75 558 0 212.127 157.513
126 76 552 0 218.84 165.149
126 77 546 0 225.554 172.41
126 77 540 0 232.268 179.296
126 76 534 0 238.981 185.807
126 74 528 0 245.695 191.943
126 72 522 0 252.408 197.704
126 69 516 0 259.122 203.09
126 65 510 0 265.836 208.101
126 60 516 0 272.549 212.737
126 55 522 0 279.263 216.997
126 49 528 0 285.977 220.883
126 42 534 0 292.69 224.394
126 34 540 0 299.404 227.53
126 26 546 0 306.117 230.291
126 17 552 0 312.831 232.677
126 7 558 0 319.545 234.688
126 0 564 0 326.258 236.324
126 0 558 0 332.972 237.585
126 0 552 0 339.686 238.471
126 0 546 0 346.399 238.982
126 0 540 0 353.113 239.118
126 0 534 0 359.826 238.879
126 0 528 0 366.54 238.265
126 0 534 0 373.254 237.276
126 0 540 0 379.967 235.912
126 0 546 0 386.681 234.173
126 0 552 0 393.395 232.059
126 0 558 0 400.108 229.57
126 0 564 0 406.822 226.706
126 0 570 0 413.535 223.467
126 0 576 0 420.249 219.853
126 0 570 0 426.963 215.864
126 0 564 0 433.676 211.5
126 0 558 0 440.39 206.761
126 0 552 0 447.104 201.647
126 0 546 0 453.817 196.158
126 0 540 0 460.531 190.294
126 0 534 0 467.244 184.055
126 0 528 0 473.958 177.441
126 0 522 0 480.672 170.452
126 0 528 0 487.385 163.088
126 0 534 0 494.099 155.349
126 0 540 0 500.813 147.235
126 0 546 10 507.526 138.745
126 0 540 20 514.24 129.881
126 0 534 29 520.953 120.642
126 0 528 37 527.667 111.028
126 0 522 44 534.381 101.039
126 0 516 51 541.094 90.6753
126 0 522 57 564.201 94.1365
126 0 528 62 579.999 92.112
126 0 534 66 595.797 89.7125
126 0 540 70 611.596 86.938
126 0 546 73 627.394 83.7885
126 0 552 75 643.192 80.2639
126 0 558 76 658.99 76.3644
126 0 564 77 674.789 72.0899
126 0 570 77 690.587 67.4404
126 0 576 76 706.385 62.4159
126 0 582 74 722.184 57.0163
126 0 588 72 737.982 51.2418
126 0 594 69 753.78 45.0923
126 0 600 65 737.982 38.5678
126 0 606 60 722.184 31.6683
126 0 612 55 706.385 24.3937
126 0 618 49 690.587 16.7442
126 0 624 42 674.789 8.71971
