150 0 594 0 150 133.125
150 0 588 0 150 132.375
150 0 582 0 150 131.25
150 0 576 0 150 129.75
150 0 570 0 150 127.875
150 0 564 0 150 125.625
150 0 558 0 150 123
150 0 552 0 150 120
150 0 546 0 150 116.625
150 0 540 0 150 112.875
150 0 534 0 150 108.75
150 0 528 0 150 104.25
150 0 522 0 150 99.375
150 0 516 0 150 94.125
150 0 510 0 150 88.5
150 0 504 0 150 82.5
150 0 498 0 150 76.125
150 0 492 0 150 69.375
150 0 486 0 150 62.25
150 0 486 0 150 54.75
150 0 486 0 150 46.875
150 0 486 0 150 56.214
150 0 486 0 150 64.089
150 0 486 0 150 71.589
150 0 486 0 150 78.714
150 0 486 0 150 85.464
150 0 486 0 150 91.839
144 0 486 0 150 97.839
138 0 486 0 150 103.464
132 0 486 0 150 108.714
126 0 486 0 150 113.589
120 0 486 0 150 118.089
114 0 486 0 150 122.214
114 0 486 0 150 125.964
114 0 486 0 150 129.339
114 0 486 0 150 132.339
114 0 486 0 150 134.964
114 0 486 0 150 137.214
114 0 486 0 150 139.089
114 0 486 0 150 140.589
114 0 486 0 150 141.714
114 0 486 0 150 142.464
114 0 486 0 150 142.839
114 0 486 0 150 142.464
114 0 486 0 150 141.714
108 0 486 0 150 140.589
102 0 486 0 150 139.089
96 0 486 0 150 137.214
90 0 486 0 150 134.964
84 0 486 0 150 132.339
78 0 486 0 150 129.339
72 0 486 0 150 125.964
66 0 486 0 150 122.214
60 0 486 0 150 118.089
54 0 486 0 150 113.589
54 0 486 0 150 108.714
54 0 486 0 150 103.464
54 0 486 0 150 97.839
54 0 486 0 150 91.839
54 0 486 0 150 85.464
54 0 486 0 150 78.714
54 0 486 0 150 71.589
54 0 486 0 150 64.089
54 0 486 0 150 56.214
54 0 486 0 150 47.964
54 0 486 0 150 39.339
54 0 486 0 150 30.339
54 0 486 0 150 20.964
54 0 486 0 150 11.214
150 75 600 75 150 133.5
156 74 594 74 150 133.125
162 72 588 72 150 132.375
168 69 582 69 150 131.25
174 66 576 66 150 129.75
180 62 570 62 150 127.875
186 57 564 57 150 125.625
192 51 558 51 150 123
198 45 552 45 150 120
204 38 546 38 150 116.625
210 30 540 30 150 112.875
216 21 534 21 150 108.75
222 12 528 12 150 104.25
228 2 522 2 150 99.375
234 0 516 0 150 94.125
240 0 510 0 150 88.5
246 0 504 0 150 82.5
252 0 498 0 150 76.125
252 0 492 0 150 69.375
252 0 486 0 150 62.25
252 0 486 0 150 54.75
252 0 486 0 150 46.875
252 0 486 0 150 38.625
246 0 486 0 150 30
240 0 486 0 150 21
234 0 486 0 150 11.625
150 75 600 75 150 133.5
150 74 594 74 150 133.125
150 72 588 72 150 132.375
150 69 582 69 150 131.25
150 66 576 66 150 129.75
150 62 570 62 150 127.875
144 57 564 57 150 125.625
138 51 558 51 150 123
132 45 552 45 150 120
126 38 546 38 150 116.625
126 30 540 30 150 112.875
126 21 534 21 150 108.75
126 12 528 12 150 104.25
126 2 522 2 150 99.375
126 0 516 0 150 94.125
126 0 510 0 150 88.5
126 0 504 0 150 82.5
126 0 498 0 150 76.125
126 0 492 0 150 69.375
126 0 486 0 150 62.25
126 0 486 0 150 54.75
132 0 486 0 150 46.875
138 0 486 0 154.928 53.6047
144 0 486 0 165.666 59.9835
150 0 486 0 176.404 65.9873
156 0 486 0 187.142 71.616
162 0 486 0 197.88 76.8698
168 0 486 0 208.618 81.7486
174 0 486 0 219.356 86.2524
180 0 486 0 230.094 90.3811
186 0 486 0 240.832 94.1349
186 0 480 0 251.57 97.5137
186 0 474 0 262.308 100.517
186 0 468 0 273.046 103.146
186 0 462 0 283.784 105.4
186 0 456 0 294.522 107.279
186 0 450 0 305.26 108.783
186 0 444 0 315.998 109.911
192 0 438 0 326.736 110.665
198 0 432 0 337.474 111.044
204 0 426 0 348.212 111.048
210 0 432 0 358.95 110.676
216 0 438 0 369.689 109.93
222 0 444 0 380.427 108.809
228 0 450 0 391.165 107.313
228 0 456 10 401.903 105.442
228 0 450 20 412.641 103.195
228 0 444 29 423.379 100.574
228 0 438 37 434.117 97.5779
228 0 432 44 444.855 94.2067
228 0 426 51 455.593 90.4605
228 0 432 57 474.77 93.4799
228 0 438 62 483.145 88.2262
228 0 444 66 491.521 82.5975
228 0 450 70 499.897 76.5939
228 0 456 73 508.273 70.2152
228 0 462 75 516.649 63.4615
228 0 468 76 525.025 56.3328
228 0 474 77 533.4 48.8292
228 0 480 77 541.776 40.9505
228 0 486 76 550.152 32.6968
228 0 492 74 558.528 24.0681
228 0 498 72 566.904 15.0645
228 0 504 69 575.28 5.68578
150 75 600 75 600 133.5
150 74 606 74 600 133.125
150 72 612 72 600 132.375
150 69 618 69 600 131.25
150 66 624 66 600 129.75
150 62 630 62 600 127.875
150 57 636 57 600 125.625
150 51 642 51 600 123
150 45 648 45 600 120
150 38 648 38 600 116.625
150 30 648 30 600 112.875
150 21 648 21 600 108.75
150 12 648 12 600 104.25
150 2 648 2 600 99.375
150 0 642 0 600 94.125
150 0 636 0 600 88.5
150 0 630 0 600 82.5
150 0 624 0 600 76.125
150 0 618 0 600 69.375
150 0 612 0 600 62.25
150 0 606 0 600 54.75
150 0 600 0 600 46.875
150 0 594 0 602.767 55.5261
150 0 600 0 599.309 62.9998
150 0 606 0 595.851 70.0984
150 0 612 0 592.393 76.8221
150 0 618 0 588.935 83.1707
150 0 624 0 585.477 89.1444
150 0 630 0 582.019 94.743
150 0 636 0 578.561 99.9666
150 0 642 0 575.102 104.815
150 0 648 0 571.644 109.289
150 0 648 0 568.186 113.388
150 0 648 0 564.728 117.111
150 0 648 0 561.27 120.46
150 0 648 0 557.812 123.434
150 0 648 0 554.354 126.032
150 0 648 0 550.896 128.256
150 0 648 0 547.438 130.104
150 0 648 0 543.979 131.578
150 0 648 0 540.521 132.677
150 0 648 0 537.063 133.4
150 0 648 0 533.605 133.749
150 0 648 0 530.147 133.723
150 0 648 0 526.689 133.321
150 0 648 0 523.231 132.545
156 0 648 0 519.773 131.394
162 0 648 0 516.315 129.867
168 0 648 0 512.856 127.966
174 0 648 0 509.398 125.69
180 0 648 0 505.94 123.038
186 0 648 0 502.482 120.012
192 0 648 0 499.024 116.611
198 0 648 0 495.566 112.834
204 0 648 0 492.108 108.683
210 0 648 0 488.65 104.157
216 0 648 0 485.192 99.2552
222 0 648 0 481.733 93.9788
228 0 648 0 478.275 88.3275
234 0 648 0 474.817 82.3011
240 0 648 0 471.359 75.8998
246 0 648 0 467.901 69.1234
252 0 648 0 464.443 61.9721
258 0 648 0 460.985 54.4457
264 0 648 0 457.527 46.5444
270 0 648 0 454.069 38.268
270 0 648 0 450.611 29.6166
270 0 648 0 447.152 20.5903
270 0 648 0 443.694 11.1889
150 75 600 75 600 133.5
150 74 600 74 600 133.125
150 72 600 72 600 132.375
150 69 600 69 600 131.25
150 66 600 66 600 129.75
150 62 600 62 600 127.875
150 57 600 57 600 125.625
150 51 600 51 600 123
150 45 600 45 600 120
150 38 600 38 600 116.625
150 30 600 30 600 112.875
150 21 600 21 600 108.75
150 12 600 12 600 104.25
150 2 600 2 600 99.375
150 0 600 0 600 94.125
150 0 600 0 600 88.5
150 0 600 0 600 82.5
150 0 600 0 600 76.125
150 0 600 0 600 69.375
150 0 594 10 600 62.25
150 0 588 20 606.709 73.0093
150 0 582 29 605.417 88.5977
150 0 576 37 604.125 103.811
150 0 570 44 602.832 118.65
150 0 564 51 601.54 133.113
150 0 558 57 600.248 147.202
150 0 552 62 598.955 160.915
150 0 546 66 597.663 174.253
150 0 540 70 596.371 187.217
150 0 534 73 595.078 199.805
150 0 528 75 593.786 212.019
150 0 522 76 592.494 223.857
150 0 516 77 591.201 235.321
150 0 510 77 589.909 246.409
150 0 504 76 588.617 257.123
150 0 498 74 587.325 267.461
150 0 492 72 586.032 277.425
150 0 486 69 584.74 287.013
150 0 480 65 583.448 296.227
150 0 474 60 582.155 305.065
150 0 468 55 580.863 313.528
150 0 462 49 579.571 321.617
150 0 456 42 578.278 329.33
150 0 450 34 576.986 336.669
150 0 444 26 575.694 343.632
150 0 438 17 574.401 350.221
150 0 432 7 573.109 356.434
150 0 426 0 571.817 362.273
150 0 420 10 570.525 367.736
150 0 414 20 569.232 372.825
150 0 408 29 567.94 377.538
150 0 402 39 566.648 381.877
150 0 396 49 565.355 385.84
150 0 390 59 564.063 389.428
156 0 384 68 562.771 392.642
162 0 378 76 561.478 395.48
168 0 372 83 560.186 397.944
174 0 366 90 558.894 400.032
180 0 360 96 557.601 401.746
186 0 354 101 556.309 403.084
192 0 348 105 555.017 404.048
198 0 342 109 553.725 404.636
204 0 336 112 552.432 404.85
210 0 330 114 551.14 404.688
216 0 324 115 549.848 404.152
222 0 318 116 548.555 403.24
228 0 312 116 547.263 401.953
234 0 306 115 545.971 400.292
240 0 300 113 544.678 398.255
246 0 294 111 543.386 395.844
252 0 288 108 542.094 393.057
252 0 282 104 540.801 389.896
252 0 276 99 539.509 386.359
252 0 270 94 538.217 382.448
252 0 264 88 536.925 378.161
252 0 258 81 535.632 373.5
252 0 252 73 534.34 368.463
252 0 246 65 533.048 363.052
252 0 240 56 531.755 357.265
252 0 234 46 530.463 351.103
252 0 228 35 529.171 344.567
252 0 222 45 527.878 337.655
252 0 216 55 526.586 330.369
252 0 210 64 525.294 322.707
252 0 204 72 524.001 314.671
252 0 198 79 522.709 306.259
252 0 192 86 521.417 297.473
252 0 186 92 520.125 288.311
252 0 180 97 518.832 278.775
252 0 174 101 517.54 268.863
252 0 168 105 516.248 258.577
252 0 162 108 514.955 247.915
252 0 156 110 513.663 236.878
252 0 150 111 512.371 225.467
252 0 144 112 511.078 213.68
252 0 138 112 509.786 201.519
252 0 132 111 508.494 188.982
252 0 126 109 507.201 176.071
252 0 120 107 505.909 162.784
252 0 114 104 504.617 149.123
252 0 108 100 503.325 135.086
252 0 102 95 502.032 120.675
252 0 96 90 500.74 105.888
252 0 90 84 499.448 90.7266
252 0 84 77 498.155 75.19
252 0 78 69 496.863 59.2785
252 0 72 61 495.571 42.992
252 0 66 52 494.278 26.3304
252 0 60 42 492.986 9.29387
150 75 600 75 600 133.5
150 74 606 74 600 133.125
150 72 612 72 600 132.375
150 69 618 69 600 131.25
150 66 624 66 600 129.75
150 62 630 62 600 127.875
150 57 636 57 600 125.625
150 51 642 51 600 123
150 45 648 45 600 120
150 38 648 38 600 116.625
150 30 648 30 600 112.875
150 21 648 21 600 108.75
150 12 648 12 600 104.25
150 2 648 2 600 99.375
150 0 642 0 600 94.125
150 0 636 0 600 88.5
150 0 630 0 600 82.5
150 0 624 0 600 76.125
150 0 618 0 600 69.375
150 0 612 0 600 62.25
150 0 606 0 600 54.75
150 0 600 0 600 46.875
150 0 594 0 602.767 55.5261
150 0 600 0 599.309 62.9998
150 0 606 0 595.851 70.0984
150 0 612 0 592.393 76.8221
150 0 618 0 588.935 83.1707
150 0 624 0 585.477 89.1444
150 0 630 0 582.019 94.743
150 0 636 0 578.561 99.9666
150 0 642 0 575.102 104.815
150 0 648 0 571.644 109.289
150 0 648 0 568.186 113.388
150 0 648 0 564.728 117.111
150 0 648 0 561.27 120.46
150 0 648 0 557.812 123.434
150 0 648 0 554.354 126.032
150 0 648 0 550.896 128.256
150 0 648 0 547.438 130.104
150 0 648 0 543.979 131.578
150 0 648 0 540.521 132.677
150 0 648 0 537.063 133.4
150 0 648 0 533.605 133.749
150 0 648 0 530.147 133.723
150 0 648 0 526.689 133.321
150 0 648 0 523.231 132.545
156 0 648 0 519.773 131.394
162 0 648 0 516.315 129.867
168 0 648 0 512.856 127.966
174 0 648 0 509.398 125.69
180 0 648 0 505.94 123.038
186 0 648 0 502.482 120.012
192 0 648 0 499.024 116.611
198 0 648 0 495.566 112.834
204 0 648 0 492.108 108.683
210 0 648 0 488.65 104.157
216 0 648 0 485.192 99.2552
222 0 648 0 481.733 93.9788
228 0 648 0 478.275 88.3275
234 0 648 0 474.817 82.3011
240 0 648 0 471.359 75.8998
240 0 648 0 467.901 69.1234
240 0 648 0 464.443 61.9721
240 0 648 0 460.985 54.4457
240 0 648 0 457.527 46.5444
240 0 648 0 454.069 38.268
240 0 648 0 450.611 29.6166
240 0 648 0 447.152 20.5903
240 0 648 0 443.694 11.1889
150 75 600 75 600 133.5
150 74 600 74 600 133.125
144 72 600 72 600 132.375
138 69 600 69 600 131.25
132 66 600 66 600 129.75
126 62 600 62 600 127.875
120 57 600 57 600 125.625
114 51 600 51 600 123
114 45 600 45 600 120
114 38 600 38 600 116.625
114 30 600 30 600 112.875
114 21 600 21 600 108.75
114 12 600 12 600 104.25
114 2 600 2 600 99.375
114 0 600 0 600 94.125
114 0 600 0 600 88.5
114 0 600 0 600 82.5
114 0 600 0 600 76.125
114 0 600 0 600 69.375
114 0 600 0 600 62.25
114 0 600 0 600 54.75
114 0 600 0 600 46.875
114 0 600 0 600 56.214
114 0 606 0 600 64.089
114 0 612 0 600 71.589
114 0 618 0 600 78.714
114 0 624 0 600 85.464
114 0 630 0 600 91.839
114 0 636 0 600 97.839
114 0 642 0 600 103.464
114 0 648 0 600 108.714
120 0 648 0 600 113.589
126 0 648 0 600 118.089
132 0 648 0 600 122.214
138 0 648 0 600 125.964
144 0 648 0 600 129.339
150 0 648 0 600 132.339
156 0 648 0 600 134.964
162 0 648 0 600 137.214
168 0 648 0 600 139.089
174 0 648 0 600 140.589
180 0 648 0 600 141.714
186 0 648 0 600 142.464
192 0 648 0 600 142.839
198 0 648 0 600 142.839
204 0 648 0 600 142.464
210 0 648 0 600 141.714
216 0 648 0 600 140.589
222 0 648 10 600 139.089
228 0 648 20 600 137.214
234 0 648 29 600 134.964
234 0 648 37 600 132.339
234 0 648 44 600 129.339
234 0 648 51 600 125.964
234 0 648 57 600 122.214
234 0 648 62 600 118.089
234 0 648 66 600 113.589
234 0 648 70 600 108.714
234 0 642 73 600 103.464
234 0 636 75 588.034 104.313
234 0 630 76 577.028 103.997
234 0 624 77 566.022 103.306
234 0 618 77 555.017 102.24
234 0 612 76 544.011 100.799
234 0 606 74 533.006 98.9827
234 0 600 72 522 96.7917
234 0 594 69 510.994 94.2257
234 0 588 65 499.989 91.2847
234 0 582 60 488.983 87.9687
234 0 576 55 477.977 84.2777
234 0 570 49 466.972 80.2117
228 0 564 42 455.966 75.7707
222 0 558 34 444.961 70.9546
222 0 552 26 433.955 65.7636
228 0 546 17 422.949 60.1976
234 0 540 7 411.944 54.2566
240 0 534 0 400.938 47.9406
246 0 528 0 389.932 41.2496
246 0 522 0 378.927 34.1836
246 0 516 0 378.927 26.7426
246 0 510 0 378.927 18.9266
246 0 504 0 378.927 10.7355
150 75 600 75 600 133.5
150 74 600 74 600 133.125
150 72 600 72 600 132.375
150 69 600 69 600 131.25
150 66 600 66 600 129.75
150 62 600 62 600 127.875
150 57 600 57 600 125.625
150 51 600 51 600 123
150 45 600 45 600 120
150 38 600 38 600 116.625
150 30 600 30 600 112.875
150 21 600 21 600 108.75
150 12 600 12 600 104.25
150 2 600 2 600 99.375
150 0 600 0 600 94.125
150 0 600 0 600 88.5
150 0 600 0 600 82.5
150 0 600 0 600 76.125
150 0 600 0 600 69.375
150 0 594 10 600 62.25
144 0 588 20 606.709 73.0093
138 0 582 29 605.417 88.5977
132 0 576 37 604.125 103.811
126 0 570 44 602.832 118.65
120 0 564 51 601.54 133.113
114 0 558 57 600.248 147.202
114 0 552 62 598.955 160.915
114 0 546 66 597.663 174.253
114 0 540 70 596.371 187.217
114 0 534 73 595.078 199.805
114 0 528 75 593.786 212.019
114 0 522 76 592.494 223.857
114 0 516 77 591.201 235.321
120 0 510 77 589.909 246.409
126 0 504 76 588.617 257.123
132 0 498 74 587.325 267.461
138 0 492 72 586.032 277.425
144 0 486 69 584.74 287.013
150 0 480 65 583.448 296.227
156 0 474 60 582.155 305.065
162 0 468 55 580.863 313.528
168 0 462 49 579.571 321.617
174 0 456 42 578.278 329.33
180 0 450 34 576.986 336.669
186 0 444 26 575.694 343.632
192 0 438 17 574.401 350.221
198 0 432 7 573.109 356.434
204 0 426 0 571.817 362.273
210 0 420 10 570.525 367.736
216 0 414 20 569.232 372.825
222 0 408 29 567.94 377.538
228 0 402 39 566.648 381.877
228 0 396 49 565.355 385.84
228 0 390 59 564.063 389.428
228 0 384 68 562.771 392.642
228 0 378 76 561.478 395.48
228 0 372 83 560.186 397.944
228 0 366 90 558.894 400.032
228 0 360 96 557.601 401.746
228 0 354 101 556.309 403.084
228 0 348 105 555.017 404.048
228 0 342 109 553.725 404.636
228 0 336 112 552.432 404.85
228 0 330 114 551.14 404.688
228 0 324 115 549.848 404.152
228 0 318 116 548.555 403.24
228 0 312 116 547.263 401.953
228 0 306 115 545.971 400.292
228 0 300 113 544.678 398.255
228 0 294 111 543.386 395.844
228 0 288 108 542.094 393.057
228 0 282 104 540.801 389.896
228 0 276 99 539.509 386.359
228 0 270 94 538.217 382.448
228 0 264 88 536.925 378.161
228 0 258 81 535.632 373.5
228 0 252 73 534.34 368.463
228 0 246 65 533.048 363.052
228 0 240 56 531.755 357.265
228 0 234 46 530.463 351.103
228 0 228 35 529.171 344.567
228 0 222 45 527.878 337.655
228 0 216 55 526.586 330.369
228 0 210 64 525.294 322.707
228 0 204 72 524.001 314.671
228 0 198 79 522.709 306.259
228 0 192 86 521.417 297.473
228 0 186 92 520.125 288.311
228 0 180 97 518.832 278.775
228 0 174 101 517.54 268.863
228 0 168 105 516.248 258.577
228 0 162 108 514.955 247.915
228 0 156 110 513.663 236.878
228 0 150 111 512.371 225.467
228 0 144 112 511.078 213.68
228 0 138 112 509.786 201.519
228 0 132 111 508.494 188.982
228 0 126 109 507.201 176.071
228 0 120 107 505.909 162.784
228 0 114 104 504.617 149.123
228 0 108 100 503.325 135.086
228 0 102 95 502.032 120.675
228 0 96 90 500.74 105.888
228 0 90 84 499.448 90.7266
228 0 84 77 498.155 75.19
228 0 78 69 496.863 59.2785
228 0 72 61 495.571 42.992
228 0 66 52 494.278 26.3304
228 0 60 42 492.986 9.29387
150 75 600 75 600 133.5
150 74 606 74 600 133.125
150 72 612 72 600 132.375
150 69 618 69 600 131.25
150 66 624 66 600 129.75
150 62 630 62 600 127.875
150 57 636 57 600 125.625
150 51 642 51 600 123
150 45 648 45 600 120
150 38 648 38 600 116.625
150 30 648 30 600 112.875
150 21 648 21 600 108.75
150 12 648 12 600 104.25
150 2 648 2 600 99.375
150 0 642 0 600 94.125
150 0 636 0 600 88.5
150 0 630 0 600 82.5
150 0 624 0 600 76.125
150 0 618 0 600 69.375
150 0 612 0 600 62.25
150 0 606 0 600 54.75
150 0 600 0 600 46.875
150 0 594 0 602.767 55.5261
150 0 600 0 599.309 62.9998
150 0 606 0 595.851 70.0984
150 0 612 0 592.393 76.8221
150 0 618 0 588.935 83.1707
150 0 624 0 585.477 89.1444
150 0 630 0 582.019 94.743
150 0 636 0 578.561 99.9666
150 0 642 0 575.102 104.815
150 0 648 0 571.644 109.289
150 0 648 0 568.186 113.388
150 0 648 0 564.728 117.111
150 0 648 0 561.27 120.46
150 0 648 0 557.812 123.434
150 0 648 0 554.354 126.032
150 0 648 0 550.896 128.256
150 0 648 0 547.438 130.104
150 0 648 0 543.979 131.578
150 0 648 0 540.521 132.677
150 0 648 0 537.063 133.4
150 0 648 0 533.605 133.749
150 0 648 0 530.147 133.723
150 0 648 0 526.689 133.321
150 0 648 0 523.231 132.545
150 0 648 0 519.773 131.394
150 0 648 0 516.315 129.867
150 0 648 0 512.856 127.966
150 0 648 0 509.398 125.69
150 0 648 0 505.94 123.038
156 0 648 0 502.482 120.012
162 0 648 0 499.024 116.611
168 0 648 0 495.566 112.834
174 0 648 0 492.108 108.683
180 0 648 0 488.65 104.157
186 0 648 0 485.192 99.2552
192 0 648 0 481.733 93.9788
198 0 648 0 478.275 88.3275
204 0 648 0 474.817 82.3011
210 0 648 0 471.359 75.8998
216 0 648 0 467.901 69.1234
222 0 648 0 464.443 61.9721
228 0 648 0 460.985 54.4457
234 0 648 0 457.527 46.5444
240 0 648 0 454.069 38.268
246 0 648 0 450.611 29.6166
252 0 648 0 447.152 20.5903
258 0 648 0 443.694 11.1889
