150 0 600 0 150 133.125
150 0 600 0 150 132.375
150 0 600 0 150 131.25
150 0 600 0 150 129.75
150 0 600 0 150 127.875
150 0 600 0 150 125.625
150 0 600 0 150 123
150 0 600 0 150 120
150 0 600 0 150 116.625
150 0 600 0 150 112.875
150 0 600 0 150 108.75
150 0 600 0 150 104.25
150 0 600 0 150 99.375
150 0 600 0 150 94.125
150 0 600 0 150 88.5
150 0 600 0 150 82.5
150 0 600 0 150 76.125
150 0 600 0 150 69.375
150 0 600 0 150 62.25
150 0 600 0 150 54.75
150 0 600 0 150 46.875
150 0 600 0 150 56.214
150 0 600 0 150 64.089
150 0 600 0 150 71.589
150 0 600 0 150 78.714
150 0 600 0 150 85.464
150 0 600 0 150 91.839
150 0 600 0 150 97.839
150 0 600 0 150 103.464
150 0 600 0 150 108.714
150 0 600 0 150 113.589
150 0 600 0 150 118.089
150 0 600 0 150 122.214
150 0 600 0 150 125.964
150 0 600 0 150 129.339
150 0 600 0 150 132.339
150 0 600 0 150 134.964
150 0 600 0 150 137.214
150 0 600 0 150 139.089
150 0 600 0 150 140.589
150 0 600 0 150 141.714
150 0 600 0 150 142.464
150 0 600 0 150 142.839
150 0 600 0 150 142.464
150 0 600 0 150 141.714
150 0 600 0 150 140.589
150 0 600 0 150 139.089
150 0 600 0 150 137.214
150 0 600 0 150 134.964
150 0 600 0 150 132.339
150 0 600 0 150 129.339
150 0 600 0 150 125.964
150 0 600 0 150 122.214
150 0 600 0 150 118.089
150 0 600 0 150 113.589
150 0 600 0 150 108.714
150 0 600 0 150 103.464
150 0 600 0 150 97.839
150 0 600 0 150 91.839
150 0 600 0 150 85.464
150 0 600 0 150 78.714
150 0 600 0 150 71.589
150 0 600 0 150 64.089
150 0 600 0 150 56.214
150 0 600 0 150 47.964
150 0 600 0 150 56.214
150 0 600 0 150 64.464
150 0 600 0 150 72.339
150 0 600 0 150 79.839
150 0 600 0 150 86.964
150 0 600 0 150 93.714
150 0 600 0 150 100.089
150 0 600 0 150 106.089
144 0 600 0 150 111.714
138 0 600 0 150 116.964
132 0 600 0 150 121.839
132 0 600 0 150 126.339
132 0 600 0 150 130.464
132 0 600 0 150 134.214
132 0 600 0 150 137.589
132 0 600 0 150 140.589
132 0 600 0 150 143.214
132 0 600 0 150 145.464
132 0 600 0 150 147.339
132 0 600 0 150 148.839
132 0 600 0 150 149.964
132 0 600 0 150 150.714
132 0 600 0 150 151.089
132 0 600 0 150 150.714
132 0 600 0 150 149.964
132 0 600 0 150 148.839
132 0 600 0 150 147.339
132 0 600 0 150 145.464
132 0 600 0 150 143.214
132 0 600 0 150 140.589
132 0 600 0 150 137.589
132 0 600 0 150 134.214
132 0 600 0 150 130.464
132 0 600 0 150 126.339
132 0 600 0 150 121.839
132 0 600 0 150 116.964
132 0 600 0 150 111.714
132 0 600 0 150 106.089
132 0 600 0 150 100.089
132 0 600 0 150 93.714
132 0 600 0 150 86.964
132 0 600 0 150 79.839
132 0 600 0 150 72.339
132 0 600 0 150 64.464
132 0 600 0 150 56.214
132 0 600 0 150 47.589
132 0 600 0 156.064 50.8027
132 0 600 0 163.028 56.1291
132 10 600 0 169.992 61.0804
132 20 600 0 176.956 65.6568
132 29 600 0 183.92 69.8581
132 37 600 0 190.883 73.6845
132 44 600 0 197.847 77.1359
132 51 600 0 204.811 80.2122
132 57 600 0 211.775 82.9136
132 62 600 0 218.739 85.2399
132 66 600 0 225.702 87.1913
132 70 600 0 232.666 88.7677
132 73 600 0 239.63 89.969
132 75 600 0 246.594 90.7954
132 76 600 0 253.558 91.2467
132 77 600 0 260.521 91.3231
132 77 600 0 267.485 91.0244
132 76 600 0 274.449 90.3508
132 74 600 0 281.413 89.3022
132 72 600 0 288.377 87.8785
132 69 600 0 295.34 86.0799
132 65 600 0 302.304 83.9062
132 60 600 0 309.268 81.3576
132 55 600 0 316.232 78.4339
132 49 600 0 323.196 75.1353
132 42 600 0 330.159 71.4617
132 34 600 0 337.123 67.413
132 26 600 0 344.087 62.9894
132 17 600 0 351.051 58.1907
132 7 600 0 358.015 53.0171
132 0 600 0 364.978 47.4684
132 0 600 0 364.978 41.5448
132 0 600 0 364.978 35.2462
132 0 600 0 364.978 28.5725
132 0 600 0 364.978 21.5239
132 0 600 0 364.978 14.1002
132 0 600 0 364.978 6.30159
150 75 600 75 150 133.5
150 74 600 74 150 133.125
150 72 600 72 150 132.375
150 69 600 69 150 131.25
150 66 600 66 150 129.75
150 62 600 62 150 127.875
150 57 600 57 150 125.625
150 51 600 51 150 123
150 45 600 45 150 120
150 38 600 38 150 116.625
150 30 600 30 150 112.875
150 21 600 21 150 108.75
150 12 600 12 150 104.25
150 2 600 2 150 99.375
150 0 600 0 150 94.125
150 0 600 0 150 88.5
150 0 600 0 150 82.5
150 0 600 0 150 76.125
150 0 600 0 150 69.375
150 0 600 0 150 62.25
150 0 600 0 150 54.75
150 0 600 0 150 46.875
150 0 600 0 150 56.214
150 0 600 0 150 64.089
150 0 600 0 150 71.589
150 0 600 0 150 78.714
150 0 600 0 150 85.464
150 0 600 0 150 91.839
150 0 600 0 150 97.839
150 0 600 0 150 103.464
150 0 600 0 150 108.714
150 0 600 0 150 113.589
150 0 600 0 150 118.089
150 0 600 0 150 122.214
150 0 600 0 150 125.964
150 0 600 0 150 129.339
150 0 600 0 150 132.339
150 0 600 0 150 134.964
150 0 600 0 150 137.214
150 0 600 0 150 139.089
150 0 600 0 150 140.589
150 0 600 0 150 141.714
144 0 600 0 150 142.464
138 0 600 0 150 142.839
132 0 600 0 150 142.839
126 0 600 0 150 142.464
126 0 600 0 150 141.714
126 0 600 0 150 140.589
126 0 600 0 150 139.089
126 0 600 0 150 137.214
126 0 600 0 150 134.964
126 0 600 0 150 132.339
126 0 600 0 150 129.339
126 0 600 0 150 125.964
126 0 600 0 150 122.214
126 0 600 0 150 118.089
126 0 600 0 150 113.589
126 0 600 0 150 108.714
126 0 600 0 150 103.464
126 0 600 0 150 97.839
126 0 600 0 150 91.839
126 10 600 0 150 85.464
126 20 600 0 150 78.714
126 29 600 0 150 71.589
126 37 600 0 163.347 79.0149
126 44 600 0 170.795 88.1442
126 51 600 0 178.243 96.8985
126 57 600 0 185.691 105.278
126 62 600 0 193.14 113.282
126 66 600 0 200.588 120.911
126 70 600 0 208.036 128.166
126 73 600 0 215.484 135.045
126 75 600 0 222.933 141.549
126 76 600 0 230.381 147.679
126 77 600 0 237.829 153.433
126 77 600 0 245.278 158.812
126 76 600 0 252.726 163.817
126 74 600 0 260.174 168.446
126 72 600 0 267.622 172.7
126 69 600 0 275.071 176.58
126 65 600 0 282.519 180.084
126 60 600 0 289.967 183.213
126 55 600 0 297.416 185.967
126 49 600 0 304.864 188.347
126 42 600 0 312.312 190.351
126 34 600 0 319.76 191.98
126 26 600 0 327.209 193.235
126 17 600 0 334.657 194.114
126 7 600 0 342.105 194.618
126 0 600 0 349.553 194.748
126 0 600 0 357.002 194.502
126 0 600 0 364.45 193.881
126 0 600 0 371.898 192.886
126 0 600 0 379.347 191.515
126 0 600 0 386.795 189.769
132 0 600 0 394.243 187.648
138 0 600 0 401.691 185.153
144 0 600 0 409.14 182.282
150 0 600 0 416.588 179.036
156 0 600 0 424.036 175.416
162 0 600 0 431.484 171.42
168 0 600 0 438.933 167.049
174 0 600 0 446.381 162.304
180 0 600 0 453.829 157.183
186 0 600 0 461.278 151.687
192 0 600 0 468.726 145.817
198 0 600 0 476.174 139.571
204 0 600 0 483.622 132.95
210 0 600 0 491.071 125.955
216 0 600 0 498.519 118.584
222 0 600 0 505.967 110.838
228 0 600 0 513.416 102.717
228 0 600 0 520.864 94.2218
228 0 600 0 528.312 85.3511
228 0 600 0 535.76 76.1054
228 0 600 0 543.209 66.4847
228 0 600 0 550.657 56.489
228 0 600 0 558.105 46.1183
228 0 600 0 565.553 35.3726
228 0 600 0 557.985 37.3465
228 0 600 0 546.068 43.0647
228 0 600 0 534.151 48.4078
228 0 600 0 522.233 53.3759
228 0 600 0 510.316 57.969
228 0 600 0 498.399 62.1871
228 0 600 0 486.482 66.0302
228 0 600 0 474.564 69.4983
228 0 600 0 462.647 72.5914
228 0 600 0 450.73 75.3095
228 0 600 0 438.813 77.6526
228 0 600 0 426.895 79.6207
228 0 600 0 414.978 81.2138
228 0 600 0 403.061 82.4319
228 0 600 0 391.144 83.275
228 0 600 0 379.227 83.7431
228 0 600 0 367.309 83.8362
228 0 600 0 355.392 83.5543
228 0 600 0 343.475 82.8974
228 0 600 0 331.558 81.8655
228 0 600 0 319.64 80.4586
228 0 600 0 307.723 78.6767
228 0 600 0 295.806 76.5198
222 0 600 0 283.889 73.9879
216 0 600 0 271.971 71.081
210 0 600 0 260.054 67.7991
204 0 600 0 248.137 64.1422
198 0 600 0 236.22 60.1103
192 0 600 0 224.302 55.7034
186 0 600 0 212.385 50.9215
180 0 600 0 200.468 45.7647
174 0 600 0 192.57 53.0581
168 0 600 0 180.704 64.4392
162 0 600 0 168.837 75.4454
156 0 600 0 156.971 86.0766
150 0 600 0 145.105 96.3328
144 0 600 0 133.238 106.214
138 0 600 0 121.372 115.72
132 0 600 0 109.505 124.851
126 0 600 0 97.639 133.607
120 0 600 0 85.7726 141.989
114 0 600 0 73.9062 149.995
108 0 600 0 62.0397 157.626
102 0 600 0 50.1733 164.882
96 0 600 0 38.3069 171.763
90 0 600 0 26.4405 178.27
84 0 600 0 14.5741 184.401
78 0 600 0 2.70767 190.157
72 0 600 0 14.5741 195.538
66 0 600 0 26.4405 200.544
60 0 600 0 38.3069 205.175
60 0 600 0 50.1733 209.432
60 0 600 0 62.0397 213.313
60 0 600 0 73.9062 216.819
60 0 600 0 85.7726 219.95
60 0 600 0 97.639 222.706
60 0 600 0 109.505 225.087
66 0 600 0 121.372 227.094
72 0 600 0 133.238 228.725
78 0 600 0 145.105 229.981
84 0 600 0 156.971 230.862
90 0 600 0 168.837 231.368
96 0 600 0 180.704 231.5
102 0 600 0 192.57 231.256
108 0 600 0 204.437 230.637
114 0 600 0 216.303 229.643
120 0 600 0 228.17 228.274
126 0 600 0 240.036 226.53
132 0 600 0 251.902 224.412
138 0 600 0 263.769 221.918
144 0 600 0 275.635 219.049
150 0 600 0 287.502 215.805
156 0 600 0 299.368 212.186
162 0 600 0 311.234 208.192
168 0 600 0 323.101 203.824
174 0 600 0 334.967 199.08
174 0 600 0 346.834 193.961
174 0 600 0 358.7 188.467
174 0 600 0 370.567 182.598
174 0 600 0 382.433 176.355
174 0 600 0 394.299 169.736
174 0 600 0 406.166 162.742
174 0 600 0 418.032 155.373
174 0 600 0 429.899 147.629
174 0 600 0 441.765 139.51
174 0 600 0 453.631 131.017
174 0 600 0 465.498 122.148
174 0 600 0 477.364 112.904
174 0 600 0 489.231 103.285
174 0 600 0 501.097 93.2913
174 0 600 0 512.964 82.9225
174 0 600 0 524.83 72.1786
174 0 600 0 536.696 61.0598
174 0 600 0 548.563 49.566
174 0 600 0 560.429 37.6972
174 0 600 0 558.068 37.4394
174 0 600 0 544.563 47.4734
174 0 600 0 531.058 57.1323
174 0 600 0 517.554 66.4163
174 0 600 0 504.049 75.3252
174 0 600 0 490.544 83.8592
174 0 600 0 477.04 92.0181
174 0 600 0 463.535 99.8021
174 0 600 0 450.03 107.211
174 0 600 0 436.526 114.245
174 0 600 0 423.021 120.904
174 0 600 0 409.516 127.188
174 0 600 0 396.012 133.097
174 0 600 0 382.507 138.631
174 0 600 0 369.002 143.79
174 0 600 0 355.497 148.574
174 0 600 0 341.993 152.983
174 0 600 0 328.488 157.017
174 0 600 0 314.983 160.676
174 0 600 0 301.479 163.96
174 0 600 0 287.974 166.868
174 0 600 0 274.469 169.402
174 0 600 0 260.965 171.561
174 0 600 0 247.46 173.345
174 0 600 0 233.955 174.754
174 0 600 0 220.451 175.788
174 0 600 0 206.946 176.447
174 0 600 0 193.441 176.731
168 0 600 0 179.936 176.64
162 0 600 0 166.432 176.174
156 0 600 0 152.927 175.333
150 0 600 0 139.422 174.117
144 0 600 0 125.918 172.526
144 0 600 0 112.413 170.56
144 0 600 0 98.9083 168.219
144 0 600 0 85.4036 165.503
144 0 600 0 71.8989 162.412
150 0 600 0 58.3942 158.946
156 0 600 0 44.8895 155.105
162 0 600 0 31.3848 150.889
168 0 600 0 17.8801 146.298
174 0 600 0 4.37543 141.331
180 0 600 0 17.8801 135.99
186 0 600 0 31.3848 130.274
192 0 600 0 44.8895 124.183
198 0 600 0 58.3942 117.717
204 0 600 0 71.8989 110.876
210 0 600 0 85.4036 103.66
216 0 600 0 98.9083 96.0691
222 0 600 0 112.413 88.1031
228 0 600 0 125.918 79.762
234 0 600 0 139.422 71.046
240 0 600 0 152.927 61.9549
246 0 600 0 166.432 52.4889
252 0 600 0 179.936 42.6478
258 0 600 0 193.441 32.4318
264 0 600 0 206.946 21.8408
270 0 600 0 220.451 10.8747
150 75 600 75 150 133.5
150 74 600 74 150 133.125
150 72 600 72 150 132.375
150 69 600 69 150 131.25
150 66 600 66 150 129.75
150 62 600 62 150 127.875
150 57 600 57 150 125.625
150 51 600 51 150 123
150 45 600 45 150 120
150 38 600 38 150 116.625
150 30 600 30 150 112.875
150 21 600 21 150 108.75
150 12 600 12 150 104.25
150 2 600 2 150 99.375
150 0 600 0 150 94.125
150 0 600 0 150 88.5
150 0 600 0 150 82.5
150 0 600 0 150 76.125
150 0 600 0 150 69.375
150 0 600 0 150 62.25
150 0 600 0 150 54.75
150 0 600 0 150 46.875
150 0 600 0 150 56.214
150 0 600 0 150 64.089
150 0 600 0 150 71.589
150 0 600 0 150 78.714
150 0 600 0 150 85.464
150 0 600 0 150 91.839
150 0 600 0 150 97.839
150 0 600 0 150 103.464
150 0 600 0 150 108.714
150 0 600 0 150 113.589
150 0 600 0 150 118.089
150 0 600 0 150 122.214
150 0 600 0 150 125.964
150 0 600 0 150 129.339
150 0 600 0 150 132.339
150 0 600 0 150 134.964
150 0 600 0 150 137.214
150 0 600 0 150 139.089
150 0 600 0 150 140.589
150 0 600 0 150 141.714
150 0 600 0 150 142.464
150 0 600 0 150 142.839
150 0 600 0 150 142.464
150 0 600 0 150 141.714
150 0 600 0 150 140.589
150 0 600 0 150 139.089
150 0 600 0 150 137.214
150 0 600 0 150 134.964
150 0 600 0 150 132.339
150 0 600 0 150 129.339
150 0 600 0 150 125.964
150 0 600 0 150 122.214
150 0 600 0 150 118.089
150 0 600 0 150 113.589
150 0 600 0 150 108.714
150 0 600 0 150 103.464
150 0 600 0 150 97.839
150 0 600 0 150 91.839
150 0 600 0 150 85.464
150 0 600 0 150 78.714
150 0 600 0 150 71.589
150 0 600 0 150 64.089
150 0 600 0 150 56.214
150 0 600 0 150 47.964
150 0 600 0 150 56.214
150 0 600 0 150 64.464
150 0 600 0 150 72.339
150 0 600 0 150 79.839
150 0 600 0 150 86.964
150 0 600 0 150 93.714
150 0 600 0 150 100.089
150 0 600 0 150 106.089
150 0 600 0 150 111.714
150 0 600 0 150 116.964
150 0 600 0 150 121.839
150 0 600 0 150 126.339
150 0 600 0 150 130.464
150 0 600 0 150 134.214
150 0 600 0 150 137.589
150 0 600 0 150 140.589
150 0 600 0 150 143.214
150 0 600 0 150 145.464
150 0 600 0 150 147.339
150 0 600 0 150 148.839
150 0 600 0 150 149.964
150 0 600 0 150 150.714
150 0 600 0 150 151.089
150 0 600 0 150 150.714
150 0 600 0 150 149.964
150 0 600 0 150 148.839
150 0 600 0 150 147.339
150 0 600 0 150 145.464
150 0 600 0 150 143.214
150 0 600 0 150 140.589
150 0 600 0 150 137.589
150 0 600 0 150 134.214
150 0 600 0 150 130.464
150 0 600 0 150 126.339
150 0 600 0 150 121.839
150 0 600 0 150 116.964
150 0 600 0 150 111.714
150 0 600 0 150 106.089
150 0 600 0 150 100.089
150 0 600 0 150 93.714
150 0 600 0 150 86.964
150 0 600 0 150 79.839
150 0 600 0 150 72.339
150 0 600 0 150 64.464
150 0 600 0 150 56.214
150 0 600 0 150 47.589
150 0 600 0 150 56.214
150 0 600 0 150 64.839
150 0 600 0 150 73.089
150 0 600 0 150 80.964
150 0 600 0 150 88.464
150 0 600 0 150 95.589
150 0 600 0 150 102.339
150 0 600 0 150 108.714
150 0 600 0 150 114.714
150 0 600 0 150 120.339
150 0 600 0 150 125.589
150 0 600 0 150 130.464
150 0 600 0 150 134.964
150 0 600 0 150 139.089
150 0 600 0 150 142.839
150 0 600 0 150 146.214
150 0 600 0 150 149.214
150 0 600 0 150 151.839
150 0 600 0 150 154.089
150 0 600 0 150 155.964
150 0 600 0 150 157.464
150 0 600 0 150 158.589
150 0 600 0 150 159.339
150 0 600 0 150 159.714
150 0 600 0 150 159.339
150 0 600 0 150 158.589
150 0 600 0 150 157.464
150 0 600 0 150 155.964
150 0 600 0 150 154.089
144 0 600 0 150 151.839
138 0 600 0 150 149.214
132 0 600 0 150 146.214
132 0 600 0 150 142.839
132 0 600 0 150 139.089
132 0 600 0 150 134.964
132 0 600 0 150 130.464
132 0 600 0 150 125.589
132 0 600 0 150 120.339
132 0 600 0 150 114.714
132 0 600 0 150 108.714
132 0 600 0 150 102.339
132 0 600 0 150 95.589
132 0 600 0 150 88.464
132 0 600 0 150 80.964
132 10 600 0 150 73.089
132 20 600 0 150 64.839
132 29 600 0 163.182 75.7729
132 37 600 0 171.143 88.0902
132 44 600 0 179.105 100.032
132 51 600 0 187.067 111.6
132 57 600 0 195.028 122.792
132 62 600 0 202.99 133.609
132 66 600 0 210.951 144.052
132 70 600 0 218.913 154.119
132 73 600 0 226.874 163.811
132 75 600 0 234.836 173.129
132 76 600 0 242.797 182.071
132 77 600 0 250.759 190.638
132 77 600 0 258.72 198.831
132 76 600 0 266.682 206.648
132 74 600 0 274.643 214.09
132 72 600 0 282.605 221.157
132 69 600 0 290.567 227.85
132 65 600 0 298.528 234.167
132 60 600 0 306.49 240.109
132 55 600 0 314.451 245.677
132 49 600 0 322.413 250.869
132 42 600 0 330.374 255.686
132 34 600 0 338.336 260.129
132 26 600 0 346.297 264.196
132 17 600 0 354.259 267.888
132 7 600 0 362.22 271.206
132 0 600 0 370.182 274.148
132 0 600 0 378.143 276.715
132 0 600 0 386.105 278.907
132 0 600 0 394.067 280.725
132 0 600 0 402.028 282.167
132 0 600 0 409.99 283.234
132 0 600 0 417.951 283.927
132 0 600 0 425.913 284.244
132 0 600 0 433.874 284.186
132 0 600 0 441.836 283.754
132 0 600 0 449.797 282.946
132 0 600 0 457.759 281.763
132 0 600 0 465.72 280.206
132 0 600 0 473.682 278.273
132 0 600 0 481.643 275.965
132 0 600 0 489.605 273.282
132 0 600 0 497.567 270.225
132 0 600 0 505.528 266.792
132 0 600 0 513.49 262.984
132 0 600 0 521.451 258.802
132 0 600 0 529.413 254.244
132 0 600 0 537.374 249.311
132 0 600 0 545.336 244.004
132 0 600 0 553.297 238.321
132 0 600 0 561.259 232.263
132 0 600 0 569.22 225.831
132 0 600 0 577.182 219.023
132 0 600 0 585.143 211.84
132 0 600 0 593.105 204.282
132 0 600 0 601.067 196.35
132 0 600 0 609.028 188.042
132 0 600 0 616.99 179.359
132 0 600 0 624.951 170.302
132 0 600 0 632.913 160.869
132 0 600 0 640.874 151.061
132 0 600 0 648.836 140.879
132 0 600 0 656.797 130.321
132 0 600 0 664.759 119.388
132 0 600 0 672.72 108.081
132 0 600 0 680.682 96.3979
132 0 600 0 688.643 84.3402
132 0 600 0 696.605 71.9075
132 0 600 0 704.567 59.0998
132 0 600 0 712.528 45.9171
132 0 600 0 720.49 32.3594
132 0 600 0 728.451 18.4267
132 0 600 0 736.413 4.11903
150 75 600 75 600 133.5
156 74 600 74 600 133.125
162 72 600 72 600 132.375
168 69 600 69 600 131.25
174 66 600 66 600 129.75
180 62 600 62 600 127.875
186 57 600 57 600 125.625
192 51 600 51 600 123
198 45 600 45 600 120
204 38 600 38 600 116.625
210 30 600 30 600 112.875
216 21 600 21 600 108.75
222 12 600 12 600 104.25
228 2 600 2 600 99.375
234 0 600 0 600 94.125
240 0 600 0 600 88.5
246 0 600 0 600 82.5
252 0 600 0 600 76.125
258 0 600 0 600 69.375
264 0 600 0 600 62.25
270 0 600 0 600 54.75
276 0 600 0 600 46.875
282 0 600 0 600 56.214
288 0 600 0 600 64.089
294 0 600 0 600 71.589
300 0 600 0 600 78.714
306 0 600 0 600 85.464
312 0 600 0 600 91.839
318 0 600 0 600 97.839
324 0 600 0 600 103.464
330 0 600 0 600 108.714
336 0 600 0 600 113.589
342 0 600 0 600 118.089
348 0 600 0 600 122.214
354 0 600 0 600 125.964
360 0 600 0 600 129.339
366 0 600 0 600 132.339
372 0 600 0 600 134.964
378 0 600 0 600 137.214
384 0 600 0 600 139.089
390 0 600 0 600 140.589
396 0 600 0 600 141.714
402 0 600 0 600 142.464
408 0 600 0 600 142.839
414 0 600 0 600 142.839
420 0 600 0 600 142.464
426 0 600 0 600 141.714
432 0 600 0 600 140.589
438 0 600 0 600 139.089
444 0 600 0 600 137.214
450 0 600 0 600 134.964
456 0 600 0 600 132.339
462 0 600 0 600 129.339
468 0 600 0 600 125.964
474 0 600 0 600 122.214
480 0 600 0 600 118.089
486 0 600 0 600 113.589
492 0 600 0 600 108.714
498 0 600 0 600 103.464
504 10 600 0 600 97.839
510 20 600 0 600 91.839
516 30 600 0 600 85.464
522 40 600 0 600 78.714
528 50 600 0 600 71.589
534 60 600 0 600 64.089
540 69 600 0 600 56.214
546 77 600 0 600 47.964
552 84 600 0 600 56.214
558 91 600 0 600 64.464
564 97 600 0 610.172 64.9358
570 102 600 0 623.551 73.6865
576 106 600 0 636.93 82.0622
576 110 600 0 650.309 90.0629
576 113 600 0 663.688 97.6886
576 115 600 0 677.067 104.939
576 116 600 0 690.446 111.815
576 117 600 0 703.825 118.316
576 117 600 0 717.204 124.441
576 116 600 0 730.583 130.192
576 114 600 0 743.962 135.568
576 112 600 0 730.583 140.569
576 109 600 0 717.204 145.194
576 105 600 0 703.825 149.445
576 100 600 0 690.446 153.321
576 95 600 0 677.067 156.822
576 89 600 0 663.688 159.947
576 82 600 0 650.309 162.698
576 74 600 0 636.93 165.074
576 66 600 0 623.551 167.074
576 57 600 0 610.172 168.7
576 47 600 0 596.794 169.951
576 36 600 0 583.415 170.827
576 35 600 0 570.036 171.327
570 34 600 0 556.657 171.453
564 33 600 0 543.278 171.204
558 32 600 0 529.899 170.579
552 31 600 0 516.52 169.58
546 30 600 0 503.141 168.206
540 29 600 0 489.762 166.457
534 28 600 0 476.383 164.332
528 27 600 0 463.004 161.833
522 26 600 0 449.625 158.959
516 25 600 0 436.246 155.709
510 24 600 0 422.867 152.085
504 23 600 0 409.488 148.086
498 22 600 0 396.109 143.712
492 21 600 0 382.73 138.962
486 20 600 0 369.351 133.838
480 19 600 0 355.972 128.339
474 18 600 0 342.593 122.464
468 17 600 0 329.214 116.215
462 16 600 0 315.835 109.591
456 15 600 0 302.456 102.592
450 14 600 0 289.077 95.2173
444 13 600 0 275.698 87.468
438 12 600 0 262.319 79.3437
432 11 600 0 248.94 70.8444
426 10 600 0 235.561 61.9701
420 9 600 0 222.182 52.7208
414 8 600 0 208.803 43.0966
408 7 600 0 195.424 33.0973
402 6 600 0 182.045 22.723
396 5 600 0 168.667 11.9737
150 75 600 75 150 133.5
150 74 600 74 150 133.125
150 72 600 72 150 132.375
150 69 600 69 150 131.25
150 66 600 66 150 129.75
150 62 600 62 150 127.875
150 57 600 57 150 125.625
150 51 600 51 150 123
150 45 600 45 150 120
150 38 600 38 150 116.625
150 30 600 30 150 112.875
150 21 600 21 150 108.75
150 12 600 12 150 104.25
150 2 600 2 150 99.375
150 0 600 0 150 94.125
150 0 600 0 150 88.5
150 0 600 0 150 82.5
150 0 600 0 150 76.125
150 0 600 0 150 69.375
150 0 600 0 150 62.25
150 0 600 0 150 54.75
150 0 600 0 150 46.875
150 0 600 0 150 56.214
150 0 600 0 150 64.089
150 0 600 0 150 71.589
150 0 600 0 150 78.714
150 0 600 0 150 85.464
150 0 600 0 150 91.839
150 0 600 0 150 97.839
150 0 600 0 150 103.464
150 0 600 0 150 108.714
150 0 600 0 150 113.589
150 0 600 0 150 118.089
150 0 600 0 150 122.214
150 0 600 0 150 125.964
150 0 600 0 150 129.339
150 0 600 0 150 132.339
150 0 600 0 150 134.964
150 0 600 0 150 137.214
150 0 600 0 150 139.089
150 0 600 0 150 140.589
150 0 600 0 150 141.714
150 0 600 0 150 142.464
150 0 600 0 150 142.839
150 0 600 0 150 142.464
150 0 600 0 150 141.714
150 0 600 0 150 140.589
150 0 600 0 150 139.089
150 0 600 0 150 137.214
150 0 600 0 150 134.964
150 0 600 0 150 132.339
150 0 600 0 150 129.339
150 0 600 0 150 125.964
150 0 600 0 150 122.214
150 0 600 0 150 118.089
144 0 600 0 150 113.589
138 0 600 0 150 108.714
138 0 600 0 150 103.464
138 0 600 0 150 97.839
138 0 600 0 150 91.839
138 0 600 0 150 85.464
138 0 600 0 150 78.714
138 0 600 0 150 71.589
138 0 600 0 150 64.089
138 0 600 0 150 56.214
138 10 600 0 155.342 63.472
138 20 600 0 160.184 80.6516
138 29 600 0 165.026 97.4563
138 37 600 0 169.868 113.886
138 44 600 0 174.71 129.94
138 51 600 0 179.552 145.62
138 57 600 0 184.394 160.925
138 62 600 0 189.237 175.854
138 66 600 0 194.079 190.409
138 70 600 0 198.921 204.589
138 73 600 0 203.763 218.393
138 75 600 0 208.605 231.823
138 76 600 0 213.447 244.877
138 77 600 0 218.289 257.557
138 77 600 0 223.131 269.862
138 76 600 0 227.973 281.791
138 74 600 0 232.815 293.346
138 72 600 0 237.657 304.525
138 69 600 0 242.499 315.33
138 65 600 0 247.341 325.76
138 60 600 0 252.183 335.814
138 55 600 0 257.025 345.494
138 49 600 0 261.867 354.798
138 42 600 0 266.709 363.728
138 34 600 0 271.551 372.283
138 26 600 0 276.393 380.462
138 17 600 0 281.235 388.267
138 7 600 0 286.077 395.697
138 0 600 0 290.919 402.751
138 0 600 0 295.761 409.431
138 0 600 0 300.603 415.735
138 0 600 0 305.445 421.665
138 0 600 0 310.287 427.22
138 0 600 0 315.129 432.399
138 0 600 0 319.971 437.204
138 0 600 0 324.814 441.633
138 0 600 0 329.656 445.688
138 0 600 0 334.498 449.368
138 0 600 0 339.34 452.672
138 0 600 0 344.182 455.602
138 0 600 0 349.024 458.156
138 0 600 0 353.866 460.336
138 0 600 0 358.708 462.141
138 0 600 0 363.55 463.57
138 0 600 0 368.392 464.625
138 0 600 0 373.234 465.304
138 0 600 0 378.076 465.609
138 0 600 0 382.918 465.539
138 0 600 0 387.76 465.093
138 0 600 0 392.602 464.273
138 0 600 0 397.444 463.078
138 0 600 0 402.286 461.507
138 0 600 0 407.128 459.562
138 0 600 0 411.97 457.241
138 0 600 0 416.812 454.546
138 0 600 0 421.654 451.476
138 0 600 0 426.496 448.03
138 0 600 0 431.338 444.21
138 0 600 0 436.18 440.014
138 0 600 0 441.022 435.444
138 0 600 0 445.864 430.499
138 0 600 0 450.706 425.178
138 0 600 0 455.548 419.483
138 0 600 0 460.391 413.412
138 0 600 0 465.233 406.967
138 0 600 0 470.075 400.147
138 0 600 0 474.917 392.951
138 0 600 0 479.759 385.381
138 0 600 0 484.601 377.436
138 0 600 0 489.443 369.115
138 0 600 0 494.285 360.42
138 0 600 0 499.127 351.349
138 0 600 0 503.969 341.904
138 0 600 0 508.811 332.084
138 0 600 0 513.653 321.888
138 0 600 0 518.495 311.318
138 0 600 0 523.337 300.372
138 0 600 0 528.179 289.052
138 0 600 0 533.021 277.357
138 0 600 0 537.863 265.286
138 0 600 0 542.705 252.841
138 0 600 0 547.547 240.02
138 0 600 0 552.389 226.825
138 0 600 0 557.231 213.255
138 0 600 0 562.073 199.309
138 0 600 0 566.915 184.989
138 0 600 0 571.757 170.294
138 0 600 0 576.599 155.223
138 0 600 0 581.441 139.778
138 0 600 0 586.283 123.957
138 0 600 0 591.125 107.762
138 0 600 0 595.968 91.1916
138 0 600 0 600.81 74.2462
138 0 600 0 605.652 56.9258
138 0 600 0 613.962 54.4525
138 0 600 0 626.722 67.2597
138 0 600 0 639.481 79.6919
138 0 600 0 652.24 91.7491
138 0 600 0 665 103.431
138 0 600 0 677.759 114.739
138 0 600 0 690.518 125.671
138 0 600 0 703.278 136.228
138 0 600 0 716.037 146.41
138 0 600 0 728.796 156.217
138 0 600 0 741.556 165.65
138 0 600 0 728.796 174.707
138 0 600 0 716.037 183.389
138 0 600 0 703.278 191.696
138 0 600 0 690.518 199.628
138 0 600 0 677.759 207.186
138 0 600 0 665 214.368
138 0 600 0 652.24 221.175
138 0 600 0 639.481 227.607
138 0 600 0 626.722 233.664
138 0 600 0 613.962 239.347
138 0 600 0 601.203 244.654
138 0 600 0 588.443 249.586
138 0 600 0 575.684 254.143
138 0 600 0 562.925 258.325
138 0 600 0 550.165 262.133
138 0 600 0 537.406 265.565
138 0 600 0 524.647 268.622
138 0 600 0 511.887 271.304
138 0 600 0 499.128 273.612
138 0 600 0 486.368 275.544
138 0 600 0 473.609 277.101
138 0 600 0 460.85 278.283
138 0 600 0 448.09 279.09
138 0 600 0 435.331 279.523
132 0 600 0 422.572 279.58
126 0 600 0 409.812 279.262
120 0 600 0 397.053 278.569
114 0 600 0 384.294 277.501
108 0 600 0 371.534 276.059
102 0 600 0 358.775 274.241
102 0 600 0 346.015 272.048
102 0 600 0 333.256 269.48
102 0 600 0 320.497 266.537
102 0 600 0 307.737 263.22
108 0 600 0 294.978 259.527
114 0 600 0 282.219 255.459
120 0 600 0 269.459 251.016
126 0 600 0 256.7 246.199
132 0 600 0 243.94 241.006
138 0 600 0 231.181 235.438
144 0 600 0 218.422 229.495
150 0 600 0 205.662 223.177
156 0 600 0 192.903 216.485
162 0 600 0 180.144 209.417
162 0 600 0 167.384 201.974
162 0 600 0 154.625 194.156
162 0 600 0 141.866 185.963
156 0 600 0 129.106 177.396
150 0 600 0 116.347 168.453
144 0 600 0 103.587 159.135
138 0 600 0 90.828 149.442
132 0 600 0 78.0687 139.374
126 0 600 0 65.3093 128.932
120 0 600 0 52.5499 118.114
114 0 600 0 39.7906 106.921
108 0 600 0 27.0312 95.3533
102 0 600 0 14.2718 83.4105
96 0 600 0 1.51247 71.0927
90 0 600 0 14.2718 58.3999
84 0 600 0 27.0312 45.3321
78 0 600 0 39.7906 31.8893
72 0 600 0 30.2165 37.6052
66 0 600 0 9.13563 48.4686
60 0 600 0 30.2165 58.957
54 0 600 0 51.2973 69.0703
54 0 600 0 72.3781 78.8087
54 0 600 0 93.459 88.1721
54 0 600 0 114.54 97.1605
54 0 600 0 135.621 105.774
54 0 600 0 156.701 114.012
54 0 600 0 177.782 121.876
54 0 600 0 198.863 129.364
54 0 600 0 219.944 136.477
54 0 600 0 241.025 143.216
54 0 600 0 262.106 149.579
54 0 600 0 283.186 155.568
54 0 600 0 304.267 161.181
54 0 600 0 325.348 166.419
54 0 600 0 346.429 171.283
54 0 600 0 367.51 175.771
54 0 600 0 388.591 179.885
54 0 600 0 409.671 183.623
54 0 600 0 430.752 186.986
54 0 600 0 451.833 189.975
54 0 600 0 472.914 192.588
54 0 600 0 493.995 194.827
54 0 600 0 515.076 196.69
54 0 600 0 536.156 198.178
54 0 600 0 557.237 199.292
54 0 600 0 578.318 200.03
54 0 600 0 599.399 200.393
54 0 600 0 620.48 200.382
54 0 600 0 641.561 199.995
54 0 600 0 662.641 199.234
54 0 600 0 683.722 198.097
54 0 600 0 704.803 196.585
54 0 600 0 725.884 194.699
54 0 600 0 746.965 192.437
54 0 600 0 725.884 189.801
54 0 600 0 704.803 186.789
54 0 600 0 683.722 183.402
54 0 600 0 662.641 179.641
54 0 600 0 641.561 175.504
54 0 600 0 620.48 170.993
54 0 600 0 599.399 166.106
54 0 600 0 578.318 160.844
54 0 600 0 557.237 155.208
60 0 600 0 536.156 149.196
66 0 600 0 515.076 142.809
72 0 600 0 493.995 136.048
78 0 600 0 472.914 128.911
84 0 600 0 451.833 121.4
90 0 600 0 430.752 113.513
96 0 600 0 409.671 105.251
102 0 600 0 388.591 96.6148
108 0 600 0 367.51 87.6032
114 0 600 0 346.429 78.2166
120 0 600 0 325.348 68.455
126 0 600 0 304.267 58.3183
132 0 600 0 283.186 47.8067
138 0 600 0 262.106 36.9201
144 0 600 0 241.025 25.6585
150 0 600 0 219.944 14.0219
156 0 600 0 212.15 2.67383
150 75 600 75 150 133.5
150 74 600 74 150 133.125
150 72 600 72 150 132.375
150 69 600 69 150 131.25
150 66 600 66 150 129.75
150 62 600 62 150 127.875
150 57 600 57 150 125.625
150 51 600 51 150 123
150 45 600 45 150 120
150 38 600 38 150 116.625
150 30 600 30 150 112.875
150 21 600 21 150 108.75
150 12 600 12 150 104.25
150 2 600 2 150 99.375
150 0 600 0 150 94.125
150 0 600 0 150 88.5
150 0 600 0 150 82.5
150 0 600 0 150 76.125
150 0 600 0 150 69.375
150 0 600 0 150 62.25
150 0 600 0 150 54.75
150 0 600 0 150 46.875
150 0 600 0 150 56.214
150 0 600 0 150 64.089
150 0 600 0 150 71.589
150 0 600 0 150 78.714
150 0 600 0 150 85.464
150 0 600 0 150 91.839
150 0 600 0 150 97.839
144 0 600 0 150 103.464
138 0 600 0 150 108.714
132 0 600 0 150 113.589
132 0 600 0 150 118.089
132 0 600 0 150 122.214
132 0 600 0 150 125.964
132 0 600 0 150 129.339
132 0 600 0 150 132.339
132 0 600 0 150 134.964
132 0 600 0 150 137.214
132 0 600 0 150 139.089
132 0 600 0 150 140.589
132 0 600 0 150 141.714
132 0 600 0 150 142.464
132 0 600 0 150 142.839
132 0 600 0 150 142.464
132 0 600 0 150 141.714
132 0 600 0 150 140.589
132 0 600 0 150 139.089
132 0 600 0 150 137.214
132 0 600 0 150 134.964
132 0 600 0 150 132.339
132 0 600 0 150 129.339
132 0 600 0 150 125.964
132 0 600 0 150 122.214
132 0 600 0 150 118.089
132 0 600 0 150 113.589
132 10 600 0 150 108.714
132 20 600 0 150 103.464
132 29 600 0 150 97.839
132 37 600 0 150 91.839
132 44 600 0 154.597 95.472
132 51 600 0 159.29 107.287
132 57 600 0 163.984 118.726
132 62 600 0 168.677 129.791
132 66 600 0 173.37 140.481
132 70 600 0 178.063 150.795
132 73 600 0 182.756 160.735
132 75 600 0 187.449 170.3
132 76 600 0 192.142 179.489
132 77 600 0 196.835 188.304
132 77 600 0 201.528 196.744
132 76 600 0 206.221 204.808
132 74 600 0 210.914 212.498
132 72 600 0 215.607 219.812
132 69 600 0 220.3 226.752
132 65 600 0 224.993 233.317
132 60 600 0 229.686 239.506
132 55 600 0 234.379 245.321
132 49 600 0 239.072 250.761
132 42 600 0 243.765 255.825
132 34 600 0 248.458 260.515
132 26 600 0 253.151 264.83
132 17 600 0 257.844 268.769
132 7 600 0 262.537 272.334
132 0 600 0 267.23 275.524
132 10 600 0 271.923 278.338
132 20 600 0 276.616 280.778
132 29 600 0 281.309 282.843
132 37 600 0 286.002 284.532
132 44 600 0 290.695 285.847
132 51 600 0 295.388 286.787
132 57 600 0 300.081 287.351
132 62 600 0 304.774 287.541
132 66 600 0 309.467 287.355
132 70 600 0 314.16 286.795
132 73 600 0 318.853 285.86
138 75 600 0 323.546 284.549
144 76 600 0 328.239 282.864
150 77 600 0 332.932 280.804
156 77 600 0 337.625 278.368
162 76 600 0 342.318 275.558
168 74 600 0 347.011 272.373
174 72 600 0 351.704 268.812
180 69 600 0 356.397 264.877
186 65 600 0 361.09 260.567
192 60 600 0 365.783 255.881
198 55 600 0 370.476 250.821
204 49 600 0 375.169 245.386
210 42 600 0 379.862 239.575
216 34 600 0 384.555 233.39
222 26 600 0 389.248 226.83
228 17 600 0 393.941 219.894
234 7 600 0 398.634 212.584
240 0 600 0 403.327 204.899
246 0 600 0 408.02 196.838
252 0 600 0 412.713 188.403
258 0 600 0 417.406 179.592
264 0 600 0 422.099 170.407
270 0 600 0 426.792 160.847
276 0 600 0 431.485 150.911
282 0 600 0 436.179 140.601
288 0 600 0 440.872 129.916
294 0 600 0 445.565 118.855
294 0 600 0 450.258 107.42
294 0 600 0 454.951 95.6097
294 0 600 0 459.644 83.4243
294 0 600 0 464.337 70.864
294 0 600 0 469.03 57.9286
294 0 600 0 473.723 44.6183
294 0 600 0 478.416 30.9329
294 0 600 0 483.109 16.8726
294 0 600 0 487.802 2.43723
150 75 600 75 600 133.5
156 74 600 74 600 133.125
162 72 600 72 600 132.375
168 69 600 69 600 131.25
174 66 600 66 600 129.75
180 62 600 62 600 127.875
186 57 600 57 600 125.625
192 51 600 51 600 123
198 45 600 45 600 120
204 38 600 38 600 116.625
210 30 600 30 600 112.875
216 21 600 21 600 108.75
222 12 600 12 600 104.25
228 2 600 2 600 99.375
234 0 600 0 600 94.125
240 0 600 0 600 88.5
246 0 600 0 600 82.5
252 0 600 0 600 76.125
258 0 600 0 600 69.375
264 0 600 0 600 62.25
270 0 600 0 600 54.75
276 0 600 0 600 46.875
282 0 600 0 600 56.214
288 0 600 0 600 64.089
294 0 600 0 600 71.589
300 0 600 0 600 78.714
306 0 600 0 600 85.464
312 0 600 0 600 91.839
318 0 600 0 600 97.839
324 0 600 0 600 103.464
330 0 600 0 600 108.714
336 0 600 0 600 113.589
342 0 600 0 600 118.089
348 0 600 0 600 122.214
354 0 600 0 600 125.964
360 0 600 0 600 129.339
366 0 600 0 600 132.339
372 0 600 0 600 134.964
378 0 600 0 600 137.214
384 0 600 0 600 139.089
390 0 600 0 600 140.589
396 0 600 0 600 141.714
402 0 600 0 600 142.464
408 0 600 0 600 142.839
414 0 600 0 600 142.839
420 0 600 0 600 142.464
426 0 600 0 600 141.714
432 0 600 0 600 140.589
438 0 600 0 600 139.089
444 0 600 0 600 137.214
450 0 600 0 600 134.964
456 0 600 0 600 132.339
462 0 600 0 600 129.339
468 0 600 0 600 125.964
474 0 600 0 600 122.214
480 0 600 0 600 118.089
486 0 600 0 600 113.589
492 10 600 0 600 108.714
498 20 600 0 600 103.464
504 30 600 0 600 97.839
510 40 600 0 600 91.839
516 50 600 0 600 85.464
522 60 600 0 600 78.714
528 69 600 0 600 71.589
534 77 600 0 600 64.089
540 84 600 0 600 56.214
546 91 600 0 600 47.964
552 97 600 0 600 56.214
558 102 600 0 600 64.464
558 106 600 0 600 72.339
558 110 600 0 600 79.839
558 113 600 0 600 86.964
558 115 600 0 600 93.714
558 116 600 0 610.531 95.9881
558 117 600 0 614.773 102.247
558 117 600 0 619.014 108.131
558 116 600 0 623.256 113.641
558 114 600 0 627.498 118.775
558 112 600 0 631.739 123.534
558 109 600 0 635.981 127.918
558 105 600 0 640.222 131.927
558 100 600 0 644.464 135.561
558 95 600 0 648.706 138.821
558 89 600 0 652.947 141.705
558 82 600 0 657.189 144.214
558 74 600 0 661.43 146.348
558 66 600 0 665.672 148.107
558 57 600 0 669.913 149.491
558 47 600 0 674.155 150.5
558 36 600 0 678.397 151.135
558 35 600 0 682.638 151.394
558 34 600 0 686.88 151.278
552 33 600 0 691.121 150.787
546 32 600 0 695.363 149.921
540 31 600 0 699.605 148.68
534 30 600 0 703.846 147.065
528 29 600 0 708.088 145.074
522 28 600 0 712.329 142.708
516 27 600 0 716.571 139.967
510 26 600 0 720.812 136.851
504 25 600 0 725.054 133.36
498 24 600 0 729.296 129.495
492 23 600 0 733.537 125.254
486 22 600 0 737.779 120.638
480 21 600 0 742.02 115.647
474 20 600 0 737.779 110.281
468 19 600 0 733.537 104.54
462 18 600 0 729.296 98.4245
456 17 600 0 725.054 91.9336
450 16 600 0 720.812 85.0678
444 15 600 0 716.571 77.8269
438 14 600 0 712.329 70.2111
432 13 600 0 708.088 62.2203
426 12 600 0 703.846 53.8544
420 11 600 0 699.605 45.1136
414 10 600 0 695.363 35.9977
408 9 600 0 691.121 26.5069
402 8 600 0 686.88 16.641
396 7 600 0 682.638 6.40021
150 75 600 75 600 133.5
150 74 600 74 600 133.125
150 72 600 72 600 132.375
150 69 600 69 600 131.25
150 66 600 66 600 129.75
150 62 600 62 600 127.875
150 57 600 57 600 125.625
150 51 600 51 600 123
150 45 600 45 600 120
150 38 600 38 600 116.625
150 30 600 30 600 112.875
150 21 600 21 600 108.75
150 12 600 12 600 104.25
150 2 600 2 600 99.375
150 0 600 0 600 94.125
150 0 600 0 600 88.5
150 0 600 0 600 82.5
150 0 600 0 600 76.125
150 0 600 0 600 69.375
150 0 600 0 600 62.25
150 0 600 0 600 54.75
150 0 600 0 600 46.875
150 0 600 0 600 56.214
150 0 600 0 600 64.089
150 0 600 0 600 71.589
150 0 600 0 600 78.714
150 0 600 0 600 85.464
150 0 600 0 600 91.839
150 0 600 0 600 97.839
150 0 600 0 600 103.464
150 0 600 0 600 108.714
150 0 600 0 600 113.589
150 0 600 0 600 118.089
150 0 600 0 600 122.214
150 0 600 0 600 125.964
150 0 600 0 600 129.339
150 0 600 0 600 132.339
150 0 600 0 600 134.964
156 0 600 0 600 137.214
162 0 600 0 600 139.089
168 0 600 0 600 140.589
174 0 600 0 600 141.714
180 0 600 0 600 142.464
186 0 600 0 600 142.839
192 0 600 0 600 142.839
198 0 600 0 600 142.464
204 0 600 0 600 141.714
210 0 600 0 600 140.589
216 0 600 0 600 139.089
222 0 600 0 600 137.214
228 0 600 0 600 134.964
234 0 600 0 600 132.339
240 0 600 0 600 129.339
246 0 600 0 600 125.964
252 0 600 0 600 122.214
258 0 600 0 600 118.089
264 0 600 0 600 113.589
270 0 600 0 600 108.714
276 0 600 0 600 103.464
282 0 600 0 600 97.839
288 0 600 0 600 91.839
294 0 600 0 600 85.464
300 0 600 0 600 78.714
306 0 600 0 600 71.589
312 0 600 0 600 64.089
318 0 600 0 600 56.214
324 0 600 0 600 47.964
330 0 600 0 600 56.214
336 0 600 0 600 64.464
342 0 600 0 600 72.339
348 0 600 0 600 79.839
354 0 600 0 600 86.964
360 0 600 0 600 93.714
366 0 600 0 600 100.089
372 0 600 0 600 106.089
378 0 600 0 600 111.714
384 0 600 0 600 116.964
390 0 600 0 600 121.839
396 0 600 0 600 126.339
402 0 600 0 600 130.464
408 0 600 0 600 134.214
414 0 600 0 600 137.589
420 0 600 0 600 140.589
426 0 600 0 600 143.214
432 0 600 0 600 145.464
438 0 600 0 600 147.339
444 0 600 0 600 148.839
450 0 600 0 600 149.964
456 0 600 0 600 150.714
462 0 600 0 600 151.089
468 0 600 0 600 151.089
474 0 600 0 600 150.714
480 0 600 0 600 149.964
486 10 600 0 600 148.839
492 20 600 0 600 147.339
498 30 600 0 600 145.464
504 40 600 0 600 143.214
510 50 600 0 600 140.589
516 60 600 0 600 137.589
522 69 600 0 600 134.214
528 77 600 0 600 130.464
534 84 600 0 600 126.339
540 91 600 0 600 121.839
546 97 600 0 600 116.964
552 102 600 0 600 111.714
552 106 600 0 600 106.089
552 110 600 0 600 100.089
552 113 600 0 600 93.714
552 115 600 0 600 86.964
552 116 600 0 600 79.839
552 117 600 0 600 72.339
552 117 600 0 600 64.464
552 116 600 0 600 56.214
552 114 600 0 600 47.589
552 112 600 0 600 56.214
552 109 600 0 600 64.839
552 105 600 0 600 73.089
552 100 600 0 600 80.964
552 95 600 0 600 88.464
552 89 600 0 600 95.589
552 82 600 0 600 102.339
546 74 600 0 600 108.714
540 66 600 0 600 114.714
534 57 600 0 600 120.339
528 47 600 0 600 125.589
522 36 600 0 600 130.464
516 35 600 0 600 134.964
516 34 600 0 600 139.089
516 33 600 0 600 142.839
516 32 600 0 600 146.214
516 31 600 0 600 149.214
516 30 600 0 600 151.839
516 29 600 0 600 154.089
522 28 600 0 600 155.964
528 27 600 0 600 157.464
534 26 600 0 600 158.589
540 25 600 0 600 159.339
546 24 600 0 600 159.714
552 23 600 0 600 159.714
558 22 600 0 600 159.339
564 21 600 0 600 158.589
570 20 600 0 600 157.464
576 19 600 0 600 155.964
582 18 600 0 600 154.089
588 28 600 0 600 151.839
594 38 600 0 600 149.214
600 48 600 0 600 146.214
606 58 600 0 600 142.839
612 67 600 0 600 139.089
618 75 600 0 600 134.964
624 82 600 0 600 130.464
630 89 600 0 600 125.589
636 95 600 0 589.828 127.064
636 100 600 0 590.908 131.23
636 104 600 0 591.989 135.022
636 108 600 0 593.07 138.438
636 111 600 0 594.15 141.479
636 113 600 0 595.231 144.145
636 114 600 0 596.312 146.436
636 115 600 0 597.392 148.353
636 115 600 0 598.473 149.894
636 114 600 0 599.554 151.06
636 112 600 0 600.634 151.851
636 110 600 0 601.715 152.267
636 107 600 0 602.796 152.309
636 103 600 0 603.876 151.975
630 98 600 0 604.957 151.266
624 93 600 0 606.038 150.182
618 87 600 0 607.119 148.723
612 80 600 0 608.199 146.889
606 72 600 0 609.28 144.681
600 64 600 0 610.361 142.097
594 55 600 0 611.441 139.138
588 45 600 0 612.522 135.804
582 34 600 0 613.603 132.095
576 33 600 0 614.683 128.012
570 32 600 0 615.764 123.553
564 31 600 0 616.845 118.719
558 30 600 0 617.925 113.51
552 29 600 0 619.006 107.926
546 28 600 0 620.087 101.968
540 27 600 0 621.167 95.6337
534 26 600 0 622.248 88.9249
534 25 600 0 623.329 81.8411
534 24 600 0 624.409 74.3823
534 23 600 0 625.49 66.5485
534 22 600 0 626.571 58.3397
534 21 600 0 627.652 49.7559
534 20 600 0 628.732 40.7971
534 19 600 0 638.403 41.0515
534 18 600 0 647.788 40.2198
534 17 600 0 657.173 39.013
534 16 600 0 666.558 37.4313
534 15 600 0 675.943 35.4746
534 14 600 0 685.328 33.1429
534 13 600 0 694.713 30.4361
534 12 600 0 704.098 27.3544
534 11 600 0 713.483 23.8977
534 10 600 0 722.869 20.066
534 9 600 0 732.254 15.8592
534 8 600 0 741.639 11.2775
150 75 600 75 600 133.5
144 74 600 74 600 133.125
138 72 600 72 600 132.375
132 69 600 69 600 131.25
126 66 600 66 600 129.75
120 62 600 62 600 127.875
114 57 600 57 600 125.625
108 51 600 51 600 123
102 45 600 45 600 120
96 38 600 38 600 116.625
90 30 600 30 600 112.875
84 21 600 21 600 108.75
78 12 600 12 600 104.25
72 2 600 2 600 99.375
66 0 600 0 600 94.125
60 0 600 0 600 88.5
54 0 600 0 600 82.5
54 0 600 0 600 76.125
54 0 600 0 600 69.375
54 0 600 0 600 62.25
54 0 600 0 600 54.75
54 0 600 0 600 46.875
60 0 600 0 600 56.214
66 0 600 0 600 64.089
72 0 600 0 600 71.589
78 0 600 0 600 78.714
84 0 600 0 600 85.464
90 0 600 0 600 91.839
96 0 600 0 600 97.839
102 0 600 0 600 103.464
108 0 600 0 600 108.714
114 0 600 0 600 113.589
120 0 600 0 600 118.089
126 0 600 0 600 122.214
132 0 600 0 600 125.964
138 0 600 0 600 129.339
144 0 600 0 600 132.339
150 0 600 0 600 134.964
156 0 600 0 600 137.214
162 0 600 0 600 139.089
168 0 600 0 600 140.589
174 0 600 0 600 141.714
180 0 600 0 600 142.464
186 0 600 0 600 142.839
192 0 600 0 600 142.839
198 0 600 0 600 142.464
204 0 600 0 600 141.714
210 0 600 0 600 140.589
216 0 600 0 600 139.089
222 0 600 0 600 137.214
228 0 600 0 600 134.964
234 0 600 0 600 132.339
240 0 600 0 600 129.339
246 0 600 0 600 125.964
252 0 600 0 600 122.214
258 0 600 0 600 118.089
264 0 600 0 600 113.589
270 0 600 0 600 108.714
276 0 600 0 600 103.464
282 0 600 0 600 97.839
288 0 600 0 600 91.839
294 0 600 0 600 85.464
300 0 600 0 600 78.714
306 0 600 0 600 71.589
312 0 600 0 600 64.089
318 0 600 0 600 56.214
324 0 600 0 600 47.964
330 0 600 0 600 56.214
336 0 600 0 600 64.464
342 0 600 0 600 72.339
348 0 600 0 600 79.839
354 0 600 0 600 86.964
360 0 600 0 600 93.714
366 0 600 0 600 100.089
372 0 600 0 600 106.089
378 0 600 0 600 111.714
384 0 600 0 600 116.964
390 0 600 0 600 121.839
396 0 600 0 600 126.339
402 0 600 0 600 130.464
408 0 600 0 600 134.214
414 0 600 0 600 137.589
420 0 600 0 600 140.589
426 0 600 0 600 143.214
432 0 600 0 600 145.464
438 0 600 0 600 147.339
444 0 600 0 600 148.839
450 0 600 0 600 149.964
456 0 600 0 600 150.714
462 0 600 0 600 151.089
468 0 600 0 600 151.089
474 0 600 0 600 150.714
480 0 600 0 600 149.964
486 0 600 0 600 148.839
492 0 600 0 600 147.339
498 0 600 0 600 145.464
504 10 600 0 600 143.214
510 20 600 0 600 140.589
516 30 600 0 600 137.589
522 40 600 0 600 134.214
528 50 600 0 600 130.464
534 60 600 0 600 126.339
540 69 600 0 600 121.839
546 77 600 0 600 116.964
552 84 600 0 600 111.714
558 91 600 0 610.939 109.907
564 97 600 0 620.502 112.304
570 102 600 0 630.066 114.327
576 106 600 0 639.629 115.975
576 110 600 0 649.192 117.247
576 113 600 0 658.756 118.145
576 115 600 0 668.319 118.668
576 116 600 0 677.883 118.815
576 117 600 0 687.446 118.588
576 117 600 0 697.009 117.985
576 116 600 0 706.573 117.008
576 114 600 0 716.136 115.656
576 112 600 0 725.699 113.928
576 109 600 0 735.263 111.826
576 105 600 0 744.826 109.349
576 100 600 0 735.263 106.496
576 95 600 0 725.699 103.269
570 89 600 0 716.136 99.6664
564 82 600 0 706.573 95.6891
558 74 600 0 697.009 91.3367
552 66 600 0 687.446 86.6093
546 57 600 0 677.883 81.5069
540 47 600 0 668.319 76.0296
534 36 600 0 658.756 70.1772
528 35 600 0 649.192 63.9498
522 34 600 0 639.629 57.3474
516 33 600 0 630.066 50.37
510 32 600 0 620.502 43.0177
504 31 600 0 615.443 54.0511
498 30 600 0 611.406 65.2894
492 29 600 0 607.368 76.1527
486 28 600 0 603.331 86.641
480 27 600 0 599.293 96.7544
474 26 600 0 595.256 106.493
468 25 600 0 591.219 115.856
462 24 600 0 587.181 124.844
456 23 600 0 583.144 133.458
450 22 600 0 579.106 141.696
444 21 600 0 575.069 149.559
438 20 600 0 571.031 157.048
432 19 600 0 566.994 164.161
426 18 600 0 562.956 170.899
420 17 600 0 558.919 177.263
414 16 600 0 554.882 183.251
408 15 600 0 550.844 188.864
402 14 600 0 546.807 194.102
396 13 600 0 542.769 198.966
390 12 600 0 538.732 203.454
384 11 600 0 534.694 207.567
378 10 600 0 530.657 211.306
372 9 600 0 526.62 214.669
366 8 600 0 522.582 217.657
360 7 600 0 518.545 220.271
354 6 600 0 514.507 222.509
348 5 600 0 510.47 224.372
342 4 600 0 506.432 225.861
336 3 600 0 502.395 226.974
330 2 600 0 498.357 227.712
330 1 600 0 494.32 228.076
330 0 600 0 490.283 228.064
330 0 600 0 486.245 227.677
330 0 600 0 482.208 226.915
330 0 600 0 478.17 225.779
330 0 600 0 474.133 224.267
330 0 600 0 470.095 222.38
330 0 600 0 466.058 220.119
330 0 600 0 462.021 217.482
330 0 600 0 457.983 214.47
336 0 600 0 453.946 211.084
342 0 600 0 449.908 207.322
348 0 600 0 445.871 203.185
354 0 600 0 441.833 198.674
354 0 600 0 437.796 193.787
354 0 600 0 433.759 188.525
354 0 600 0 429.721 182.889
354 0 600 0 425.684 176.877
354 0 600 0 421.646 170.49
354 0 600 0 417.609 163.729
348 0 600 0 413.571 156.592
342 0 600 0 409.534 149.08
336 0 600 0 405.496 141.193
330 0 600 0 401.459 132.932
324 0 600 0 397.422 124.295
318 0 600 0 393.384 115.283
312 0 600 0 389.347 105.897
312 0 600 0 385.309 96.135
312 0 600 0 381.272 85.9983
312 0 600 0 377.234 75.4866
312 0 600 0 373.197 64.6
312 0 600 0 369.16 53.3383
312 0 600 0 365.122 41.7016
312 0 600 0 365.122 29.6899
312 0 600 0 365.122 17.3032
312 0 600 0 365.122 4.54153
150 75 600 75 150 133.5
150 74 600 74 150 133.125
150 72 600 72 150 132.375
150 69 600 69 150 131.25
150 66 600 66 150 129.75
150 62 600 62 150 127.875
150 57 600 57 150 125.625
150 51 600 51 150 123
150 45 600 45 150 120
150 38 600 38 150 116.625
150 30 600 30 150 112.875
150 21 600 21 150 108.75
150 12 600 12 150 104.25
150 2 600 2 150 99.375
150 0 600 0 150 94.125
150 0 600 0 150 88.5
150 0 600 0 150 82.5
150 0 600 0 150 76.125
150 0 600 0 150 69.375
150 0 600 0 150 62.25
150 0 600 0 150 54.75
150 0 600 0 150 46.875
150 0 600 0 150 56.214
150 0 600 0 150 64.089
150 0 600 0 150 71.589
150 0 600 0 150 78.714
150 0 600 0 150 85.464
150 0 600 0 150 91.839
150 0 600 0 150 97.839
150 0 600 0 150 103.464
150 0 600 0 150 108.714
150 0 600 0 150 113.589
150 0 600 0 150 118.089
150 0 600 0 150 122.214
150 0 600 0 150 125.964
150 0 600 0 150 129.339
150 0 600 0 150 132.339
150 0 600 0 150 134.964
150 0 600 0 150 137.214
150 0 600 0 150 139.089
150 0 600 0 150 140.589
144 0 600 0 150 141.714
138 0 600 0 150 142.464
132 0 600 0 150 142.839
126 0 600 0 150 142.839
126 0 600 0 150 142.464
126 0 600 0 150 141.714
126 0 600 0 150 140.589
126 0 600 0 150 139.089
126 0 600 0 150 137.214
126 0 600 0 150 134.964
126 0 600 0 150 132.339
126 0 600 0 150 129.339
126 0 600 0 150 125.964
126 0 600 0 150 122.214
126 0 600 0 150 118.089
126 0 600 0 150 113.589
126 0 600 0 150 108.714
126 0 600 0 150 103.464
126 0 600 0 150 97.839
126 0 600 0 150 91.839
126 0 600 0 150 85.464
126 0 600 0 150 78.714
126 0 600 0 150 71.589
126 10 600 0 150 64.089
126 20 600 0 157.182 66.7729
126 29 600 0 164.451 79.5517
126 37 600 0 171.72 91.9556
126 44 600 0 178.99 103.984
126 51 600 0 186.259 115.638
126 57 600 0 193.528 126.917
126 62 600 0 200.797 137.821
126 66 600 0 208.067 148.35
126 70 600 0 215.336 158.504
126 73 600 0 222.605 168.282
126 75 600 0 229.874 177.686
126 76 600 0 237.143 186.715
126 77 600 0 244.413 195.369
126 77 600 0 251.682 203.648
126 76 600 0 258.951 211.552
126 74 600 0 266.22 219.081
126 72 600 0 273.49 226.234
126 69 600 0 280.759 233.013
126 65 600 0 288.028 239.417
126 60 600 0 295.297 245.446
126 55 600 0 302.567 251.1
126 49 600 0 309.836 256.379
126 42 600 0 317.105 261.282
126 34 600 0 324.374 265.811
126 26 600 0 331.643 269.965
126 17 600 0 338.913 273.744
126 7 600 0 346.182 277.148
126 0 600 0 353.451 280.177
126 0 600 0 360.72 282.831
126 0 600 0 367.99 285.109
126 0 600 0 375.259 287.013
126 0 600 0 382.528 288.542
126 0 600 0 389.797 289.696
126 0 600 0 397.067 290.475
126 0 600 0 404.336 290.879
126 0 600 0 411.605 290.907
126 0 600 0 418.874 290.561
126 0 600 0 426.143 289.84
126 0 600 0 433.413 288.744
126 0 600 0 440.682 287.273
126 0 600 0 447.951 285.427
126 0 600 0 455.22 283.206
126 0 600 0 462.49 280.609
126 0 600 0 469.759 277.638
126 0 600 0 477.028 274.292
126 0 600 0 484.297 270.571
126 0 600 0 491.567 266.475
126 0 600 0 498.836 262.004
126 0 600 0 506.105 257.157
126 0 600 0 513.374 251.936
126 0 600 0 520.643 246.34
126 0 600 0 527.913 240.369
126 0 600 0 535.182 234.023
126 0 600 0 542.451 227.302
126 0 600 0 549.72 220.206
126 0 600 0 556.99 212.734
126 0 600 0 564.259 204.888
126 0 600 0 571.528 196.667
126 0 600 0 578.797 188.071
126 0 600 0 586.067 179.1
126 0 600 0 593.336 169.754
126 0 600 0 600.605 160.032
126 0 600 0 607.874 149.936
126 0 600 0 615.143 139.465
126 0 600 0 622.413 128.619
126 0 600 0 629.682 117.398
126 0 600 0 636.951 105.802
126 0 600 0 644.22 93.8306
126 0 600 0 651.49 81.4844
126 0 600 0 658.759 68.7633
126 0 600 0 666.028 55.6671
126 0 600 0 673.297 42.196
126 0 600 0 680.567 28.3498
126 0 600 0 687.836 14.1286
126 0 600 0 695.105 -0.467509
150 75 600 75 600 133.5
150 74 600 74 600 133.125
150 72 600 72 600 132.375
150 69 600 69 600 131.25
150 66 600 66 600 129.75
150 62 600 62 600 127.875
150 57 600 57 600 125.625
150 51 600 51 600 123
150 45 600 45 600 120
150 38 600 38 600 116.625
150 30 600 30 600 112.875
150 21 600 21 600 108.75
150 12 600 12 600 104.25
150 2 600 2 600 99.375
150 0 600 0 600 94.125
150 0 600 0 600 88.5
150 0 600 0 600 82.5
150 0 600 0 600 76.125
150 0 600 0 600 69.375
150 0 600 0 600 62.25
150 0 600 0 600 54.75
150 0 600 0 600 46.875
150 0 600 0 600 56.214
150 0 600 0 600 64.089
150 0 600 0 600 71.589
150 0 600 0 600 78.714
150 0 600 0 600 85.464
150 0 600 0 600 91.839
150 0 600 0 600 97.839
150 0 600 0 600 103.464
150 0 600 0 600 108.714
150 0 600 0 600 113.589
150 0 600 0 600 118.089
150 0 600 0 600 122.214
150 0 600 0 600 125.964
150 0 600 0 600 129.339
150 0 600 0 600 132.339
150 0 600 0 600 134.964
150 0 600 0 600 137.214
156 0 600 0 600 139.089
162 0 600 0 600 140.589
168 0 600 0 600 141.714
174 0 600 0 600 142.464
180 0 600 0 600 142.839
186 0 600 0 600 142.839
192 0 600 0 600 142.464
198 0 600 0 600 141.714
204 0 600 0 600 140.589
210 0 600 0 600 139.089
216 0 600 0 600 137.214
222 0 600 0 600 134.964
228 0 600 0 600 132.339
234 0 600 0 600 129.339
240 0 600 0 600 125.964
246 0 600 0 600 122.214
252 0 600 0 600 118.089
258 0 600 0 600 113.589
264 0 600 0 600 108.714
270 0 600 0 600 103.464
276 0 600 0 600 97.839
282 0 600 0 600 91.839
288 0 600 0 600 85.464
294 0 600 0 600 78.714
300 0 600 0 600 71.589
306 0 600 0 600 64.089
312 0 600 0 600 56.214
318 0 600 0 600 47.964
324 0 600 0 600 56.214
330 0 600 0 600 64.464
336 0 600 0 600 72.339
342 0 600 0 600 79.839
348 0 600 0 600 86.964
354 0 600 0 600 93.714
360 0 600 0 600 100.089
366 0 600 0 600 106.089
372 0 600 0 600 111.714
378 0 600 0 600 116.964
384 0 600 0 600 121.839
390 0 600 0 600 126.339
396 0 600 0 600 130.464
402 0 600 0 600 134.214
408 0 600 0 600 137.589
414 0 600 0 600 140.589
420 0 600 0 600 143.214
426 0 600 0 600 145.464
432 0 600 0 600 147.339
438 0 600 0 600 148.839
444 0 600 0 600 149.964
450 0 600 0 600 150.714
456 0 600 0 600 151.089
462 0 600 0 600 151.089
468 0 600 0 600 150.714
474 0 600 0 600 149.964
480 0 600 0 600 148.839
486 0 600 0 600 147.339
492 0 600 0 600 145.464
498 0 600 0 600 143.214
504 0 600 0 600 140.589
510 0 600 0 600 137.589
516 10 600 0 600 134.214
522 20 600 0 600 130.464
528 30 600 0 600 126.339
534 40 600 0 600 121.839
540 50 600 0 600 116.964
540 60 600 0 600 111.714
540 69 600 0 600 106.089
540 77 600 0 600 100.089
540 84 600 0 600 93.714
540 91 600 0 600 86.964
540 97 600 0 600 79.839
540 102 600 0 600 72.339
540 106 600 0 600 64.464
540 110 600 0 600 56.214
540 113 600 0 600 47.589
540 115 600 0 600 56.214
540 116 600 0 600 64.839
540 117 600 0 600 73.089
540 117 600 0 600 80.964
540 116 600 0 600 88.464
540 114 600 0 600 95.589
540 112 600 0 600 102.339
540 109 600 0 600 108.714
540 105 600 0 600 114.714
540 100 600 0 600 120.339
540 95 600 0 600 125.589
540 89 600 0 600 130.464
546 82 600 0 600 134.964
552 74 600 0 600 139.089
558 66 600 0 600 142.839
564 57 600 0 600 146.214
570 47 600 0 600 149.214
576 36 600 0 600 151.839
582 35 600 0 600 154.089
588 34 600 0 600 155.964
594 33 600 0 600 157.464
600 32 600 0 600 158.589
600 31 600 0 600 159.339
600 30 600 0 600 159.714
600 29 600 0 600 159.714
600 28 600 0 600 159.339
600 27 600 0 600 158.589
600 26 600 0 600 157.464
600 25 600 0 600 155.964
600 24 600 0 600 154.089
600 23 600 0 600 151.839
600 22 600 0 600 149.214
600 21 600 0 600 146.214
600 20 600 0 600 142.839
600 19 600 0 600 139.089
600 18 600 0 600 134.964
600 17 600 0 600 130.464
600 16 600 0 600 125.589
600 15 600 0 600 120.339
600 14 600 0 600 114.714
600 13 600 0 600 108.714
600 12 600 0 600 102.339
600 11 600 0 600 95.589
600 10 600 0 600 88.464
600 9 600 0 600 80.964
600 8 600 0 600 73.089
600 7 600 0 600 64.839
600 6 600 0 600 56.214
600 5 600 0 600 61.214
600 4 600 0 600 69.089
600 3 600 0 600 76.589
600 2 600 0 600 83.714
600 1 600 0 600 90.464
600 0 600 0 600 96.839
600 0 600 0 600 102.839
600 0 600 0 600 108.464
594 0 600 0 600 113.714
588 0 600 0 600 118.589
582 0 600 0 600 123.089
576 0 600 0 600 127.214
570 0 600 0 600 130.964
564 0 600 0 600 134.339
558 0 600 0 600 137.339
552 0 600 0 600 139.964
546 0 600 0 600 142.214
540 0 600 0 600 144.089
534 0 600 0 600 145.589
528 0 600 0 600 146.714
522 0 600 0 600 147.464
516 0 600 0 600 147.839
510 0 600 0 600 147.839
504 0 600 0 600 147.464
498 0 600 0 600 146.714
492 0 600 0 600 145.589
486 0 600 0 600 144.089
480 0 600 0 600 142.214
480 0 600 0 600 139.964
480 0 600 0 600 137.339
480 0 600 0 600 134.339
480 0 600 0 600 130.964
480 0 600 0 600 127.214
480 0 600 0 600 123.089
480 0 600 0 600 118.589
486 0 600 0 600 113.714
492 0 600 0 600 108.464
498 0 600 0 600 102.839
504 0 600 0 600 96.839
510 0 600 0 600 90.464
516 0 600 0 600 83.714
522 0 600 0 600 76.589
528 0 600 0 600 69.089
534 0 600 0 600 61.214
540 0 600 0 600 52.964
546 0 600 0 600 56.214
552 10 600 0 600 64.464
558 20 600 0 600 72.339
564 30 600 0 600 79.839
570 40 600 0 600 86.964
576 50 600 0 600 93.714
582 60 600 0 605.068 111.263
588 69 600 0 606.297 116.785
594 77 600 0 607.526 121.932
600 84 600 0 610.518 139.221
600 91 600 0 615.907 141.832
600 97 600 0 621.295 144.067
600 102 600 0 626.683 145.927
600 106 600 0 632.072 147.413
600 110 600 0 637.46 148.523
600 113 600 0 642.849 149.258
600 115 600 0 648.237 149.619
600 116 600 0 653.625 149.604
600 117 600 0 659.014 149.215
600 117 600 0 664.402 148.45
600 116 600 0 669.79 147.31
600 114 600 0 675.179 145.796
600 112 600 0 680.567 143.906
594 109 600 0 685.955 141.641
588 105 600 0 691.344 139.002
582 100 600 0 696.732 135.987
576 95 600 0 702.121 132.598
570 89 600 0 707.509 128.833
564 82 600 0 712.897 124.693
558 74 600 0 718.286 120.179
552 66 600 0 723.674 115.289
546 57 600 0 729.062 110.024
540 47 600 0 734.451 104.385
534 36 600 0 739.839 98.3702
528 35 600 0 734.451 91.9806
522 34 600 0 729.062 85.216
516 33 600 0 723.674 78.0763
510 32 600 0 718.286 70.5617
504 31 600 0 712.897 62.6721
498 30 600 0 707.509 54.4075
492 29 600 0 702.121 45.7679
486 28 600 0 696.732 36.7532
480 27 600 0 691.344 27.3636
474 26 600 0 685.955 17.599
468 25 600 0 680.567 7.45936
150 75 600 75 600 133.5
150 74 600 74 600 133.125
150 72 600 72 600 132.375
150 69 600 69 600 131.25
150 66 600 66 600 129.75
150 62 600 62 600 127.875
150 57 600 57 600 125.625
150 51 600 51 600 123
150 45 600 45 600 120
156 38 600 38 600 116.625
162 30 600 30 600 112.875
168 21 600 21 600 108.75
174 12 600 12 600 104.25
180 2 600 2 600 99.375
186 0 600 0 600 94.125
192 0 600 0 600 88.5
198 0 600 0 600 82.5
204 0 600 0 600 76.125
210 0 600 0 600 69.375
216 0 600 0 600 62.25
222 0 600 0 600 54.75
228 0 600 0 600 46.875
234 0 600 0 600 56.214
240 0 600 0 600 64.089
246 0 600 0 600 71.589
252 0 600 0 600 78.714
258 0 600 0 600 85.464
264 0 600 0 600 91.839
270 0 600 0 600 97.839
276 0 600 0 600 103.464
282 0 600 0 600 108.714
288 0 600 0 600 113.589
294 0 600 0 600 118.089
300 0 600 0 600 122.214
306 0 600 0 600 125.964
312 0 600 0 600 129.339
318 0 600 0 600 132.339
324 0 600 0 600 134.964
330 0 600 0 600 137.214
336 0 600 0 600 139.089
342 0 600 0 600 140.589
348 0 600 0 600 141.714
354 0 600 0 600 142.464
360 0 600 0 600 142.839
366 0 600 0 600 142.839
372 0 600 0 600 142.464
378 0 600 0 600 141.714
384 0 600 0 600 140.589
390 0 600 0 600 139.089
396 0 600 0 600 137.214
402 0 600 0 600 134.964
408 0 600 0 600 132.339
414 0 600 0 600 129.339
420 0 600 0 600 125.964
426 0 600 0 600 122.214
432 0 600 0 600 118.089
438 0 600 0 600 113.589
444 0 600 0 600 108.714
450 0 600 0 600 103.464
456 0 600 0 600 97.839
462 0 600 0 600 91.839
468 0 600 0 600 85.464
474 0 600 0 600 78.714
480 0 600 0 600 71.589
486 0 600 0 600 64.089
492 0 600 0 600 56.214
498 0 600 0 600 47.964
504 0 600 0 600 56.214
510 0 600 0 600 64.464
516 0 600 0 600 72.339
522 10 600 0 600 79.839
528 20 600 0 600 86.964
534 30 600 0 600 93.714
540 40 600 0 600 100.089
546 39 600 0 600 106.089
552 38 600 0 600 111.714
558 37 600 0 600 116.964
564 36 600 0 600 121.839
570 35 600 0 600 126.339
576 34 600 0 600 130.464
576 33 600 0 600 134.214
576 32 600 0 600 137.589
576 31 600 0 600 140.589
576 30 600 0 600 143.214
576 29 600 0 600 145.464
576 28 600 0 600 147.339
576 27 600 0 600 148.839
576 26 600 0 600 149.964
576 25 600 0 600 150.714
576 24 600 0 600 151.089
576 23 600 0 600 151.089
576 22 600 0 600 150.714
576 21 600 0 600 149.964
576 20 600 0 600 148.839
576 19 600 0 600 147.339
576 18 600 0 600 145.464
576 17 600 0 600 143.214
576 16 600 0 600 140.589
576 15 600 0 600 137.589
576 14 600 0 600 134.214
576 24 600 0 600 130.464
576 34 600 0 600 126.339
576 44 600 0 600 121.839
576 54 600 0 600 116.964
576 63 600 0 600 111.714
576 71 600 0 607.791 117.361
576 78 600 0 613.038 127.638
576 85 600 0 618.285 137.54
576 91 600 0 623.532 147.067
576 96 600 0 628.779 156.219
576 100 600 0 634.026 164.996
576 104 600 0 639.273 173.398
576 107 600 0 644.52 181.425
576 109 600 0 649.767 189.077
576 110 600 0 655.014 196.354
576 111 600 0 660.261 203.256
576 111 600 0 665.509 209.783
576 110 600 0 670.756 215.935
576 108 600 0 676.003 221.712
576 106 600 0 681.25 227.114
576 103 600 0 686.497 232.141
576 99 600 0 691.744 236.793
576 94 600 0 696.991 241.07
576 89 600 0 702.238 244.972
576 83 600 0 707.485 248.499
576 76 600 0 712.732 251.651
576 68 600 0 717.979 254.428
576 60 600 0 723.226 256.83
576 51 600 0 728.474 258.857
576 41 600 0 733.721 260.509
576 30 600 0 738.968 261.786
576 29 600 0 733.721 262.688
576 28 600 0 728.474 263.215
576 27 600 0 723.226 263.367
570 26 600 0 717.979 263.144
564 25 600 0 712.732 262.546
558 24 600 0 707.485 261.573
552 23 600 0 702.238 260.225
546 22 600 0 696.991 258.502
540 21 600 0 691.744 256.404
534 20 600 0 686.497 253.931
528 19 600 0 681.25 251.083
522 18 600 0 676.003 247.86
516 17 600 0 670.756 244.262
510 16 600 0 665.509 240.289
504 15 600 0 660.261 235.941
498 14 600 0 655.014 231.218
492 13 600 0 649.767 226.12
486 12 600 0 644.52 220.647
480 11 600 0 639.273 214.799
474 10 600 0 634.026 208.576
468 9 600 0 628.779 201.978
462 8 600 0 623.532 195.005
456 7 600 0 618.285 187.657
450 6 600 0 613.038 179.934
444 5 600 0 607.791 171.836
438 4 600 0 602.544 163.363
432 3 600 0 597.296 154.515
426 2 600 0 592.049 145.292
420 1 600 0 586.802 135.694
414 0 600 0 581.555 125.721
408 0 600 0 576.308 115.373
402 0 600 0 571.061 104.65
402 0 600 0 565.814 93.5522
402 0 600 0 560.567 82.0792
402 0 600 0 555.32 70.2312
402 0 600 0 550.073 58.0082
402 0 600 0 544.826 45.4102
402 0 600 0 539.579 32.4372
402 0 600 0 534.331 19.0892
402 0 600 0 529.084 5.36624
402 0 600 0 529.084 4.99124
