150 0 600 0 150 133.125
150 0 600 0 150 132.375
150 0 600 0 150 131.25
150 0 600 0 150 129.75
150 0 600 0 150 127.875
150 0 600 0 150 125.625
150 0 600 0 150 123
150 0 600 0 150 120
150 0 600 0 150 116.625
150 0 600 0 150 112.875
150 0 600 0 150 108.75
150 0 600 0 150 104.25
150 0 600 0 150 99.375
150 0 600 0 150 94.125
150 0 600 0 150 88.5
150 0 600 0 150 82.5
150 0 600 0 150 76.125
150 0 600 0 150 69.375
144 0 600 0 150 62.25
138 0 600 0 150 54.75
132 0 600 0 150 46.875
126 0 600 0 156.018 47.5283
120 0 600 0 157.467 50.6984
114 0 600 0 158.917 53.4934
108 0 600 0 160.366 55.9135
102 0 600 0 161.816 57.9585
96 0 600 0 163.265 59.6286
90 0 600 0 164.715 60.9236
84 0 600 0 166.164 61.8437
78 0 600 0 167.614 62.3887
72 0 600 0 169.063 62.5588
66 0 600 0 170.513 62.3538
60 0 600 0 171.962 61.7739
54 0 600 0 173.412 60.8189
48 0 600 0 174.861 59.489
42 0 600 0 176.311 57.784
36 0 600 0 177.76 55.7041
30 0 600 0 179.21 53.2491
24 0 600 0 180.659 50.4192
18 0 600 0 182.109 47.2142
12 0 600 0 183.558 43.6343
6 0 600 0 185.008 39.6793
0 0 600 0 186.457 35.3494
-6 0 600 0 187.907 30.6444
-12 0 600 0 189.356 25.5645
-18 0 600 0 190.806 20.1095
-24 0 600 0 192.256 14.2796
-30 0 600 0 193.705 8.0746
150 75 600 75 150 133.5
150 74 600 74 150 133.125
150 72 600 72 150 132.375
150 69 600 69 150 131.25
150 66 600 66 150 129.75
150 62 600 62 150 127.875
150 57 600 57 150 125.625
150 51 600 51 150 123
150 45 600 45 150 120
150 38 600 38 150 116.625
150 30 600 30 150 112.875
150 21 600 21 150 108.75
150 12 600 12 150 104.25
150 2 600 2 150 99.375
150 0 600 0 150 94.125
150 0 600 0 150 88.5
150 0 600 0 150 82.5
150 0 600 0 150 76.125
150 0 600 0 150 69.375
150 0 600 0 150 62.25
150 0 600 0 150 54.75
150 0 600 0 150 46.875
150 0 600 0 150 56.214
150 0 600 0 150 64.089
150 0 600 0 150 71.589
150 0 600 0 150 78.714
150 0 600 0 150 85.464
150 0 600 0 150 91.839
150 0 600 0 150 97.839
150 0 600 0 150 103.464
150 0 600 0 150 108.714
150 0 600 0 150 113.589
150 0 600 0 150 118.089
150 0 600 0 150 122.214
150 0 600 0 150 125.964
150 0 600 0 150 129.339
150 0 600 0 150 132.339
150 0 600 0 150 134.964
150 0 600 0 150 137.214
150 0 600 0 150 139.089
150 0 600 0 150 140.589
150 0 600 0 150 141.714
150 0 600 0 150 142.464
150 0 600 0 150 142.839
150 0 600 0 150 142.464
150 0 600 0 150 141.714
150 0 600 0 150 140.589
150 0 600 0 150 139.089
150 0 600 0 150 137.214
150 0 600 0 150 134.964
150 0 600 0 150 132.339
150 0 600 0 150 129.339
150 0 600 0 150 125.964
150 0 600 0 150 122.214
150 0 600 0 150 118.089
150 0 600 0 150 113.589
150 0 600 0 150 108.714
150 0 600 0 150 103.464
150 0 600 0 150 97.839
150 0 600 0 150 91.839
150 0 600 0 150 85.464
150 0 600 0 150 78.714
150 0 600 0 150 71.589
150 0 600 0 150 64.089
150 0 600 0 150 56.214
150 0 600 0 150 47.964
150 0 600 0 150 56.214
150 0 600 0 150 64.464
150 0 600 0 150 72.339
150 0 600 0 150 79.839
150 0 600 0 150 86.964
150 0 600 0 150 93.714
150 0 600 0 150 100.089
150 0 600 0 150 106.089
150 0 600 0 150 111.714
150 0 600 0 150 116.964
150 0 600 0 150 121.839
150 0 600 0 150 126.339
150 0 600 0 150 130.464
150 0 600 0 150 134.214
150 0 600 0 150 137.589
150 0 600 0 150 140.589
150 0 600 0 150 143.214
150 0 600 0 150 145.464
150 0 600 0 150 147.339
150 0 600 0 150 148.839
150 0 600 0 150 149.964
150 0 600 0 150 150.714
150 0 600 0 150 151.089
150 0 600 0 150 150.714
150 0 600 0 150 149.964
150 0 600 0 150 148.839
150 0 600 0 150 147.339
150 0 600 0 150 145.464
150 0 600 0 150 143.214
150 0 600 0 150 140.589
150 0 600 0 150 137.589
150 0 600 0 150 134.214
150 0 600 0 150 130.464
150 0 600 0 150 126.339
150 0 600 0 150 121.839
150 0 600 0 150 116.964
150 0 600 0 150 111.714
150 0 600 0 150 106.089
150 0 600 0 150 100.089
150 0 600 0 150 93.714
150 0 600 0 150 86.964
150 0 600 0 150 79.839
150 0 600 0 150 72.339
150 0 600 0 150 64.464
150 0 600 0 150 56.214
150 0 600 0 150 47.589
150 0 600 0 150 56.214
150 0 600 0 150 64.839
150 0 600 0 150 73.089
150 0 600 0 150 80.964
150 0 600 0 150 88.464
150 0 600 0 150 95.589
150 0 600 0 150 102.339
150 0 600 0 150 108.714
150 0 600 0 150 114.714
150 0 600 0 150 120.339
150 0 600 0 150 125.589
150 0 600 0 150 130.464
150 0 600 0 150 134.964
150 0 600 0 150 139.089
150 0 600 0 150 142.839
150 0 600 0 150 146.214
150 0 600 0 150 149.214
150 0 600 0 150 151.839
150 0 600 0 150 154.089
150 0 600 0 150 155.964
150 0 600 0 150 157.464
150 0 600 0 150 158.589
150 0 600 0 150 159.339
150 0 600 0 150 159.714
150 0 600 0 150 159.339
150 0 600 0 150 158.589
150 0 600 0 150 157.464
150 0 600 0 150 155.964
150 0 600 0 150 154.089
150 0 600 0 150 151.839
150 0 600 0 150 149.214
150 0 600 0 150 146.214
150 0 600 0 150 142.839
150 0 600 0 150 139.089
150 0 600 0 150 134.964
150 0 600 0 150 130.464
150 0 600 0 150 125.589
150 0 600 0 150 120.339
150 0 600 0 150 114.714
150 0 600 0 150 108.714
150 0 600 0 150 102.339
150 0 600 0 150 95.589
150 0 600 0 150 88.464
150 0 600 0 150 80.964
150 0 600 0 150 73.089
150 0 600 0 150 64.839
150 0 600 0 150 56.214
150 0 600 0 150 47.214
150 0 600 0 150 56.214
150 0 600 0 150 65.214
150 0 600 0 150 73.839
150 0 600 0 150 82.089
150 0 600 0 150 89.964
150 0 600 0 150 97.464
150 0 600 0 150 104.589
150 0 600 0 150 111.339
150 0 600 0 150 117.714
150 0 600 0 150 123.714
150 0 600 0 150 129.339
150 0 600 0 150 134.589
150 0 600 0 150 139.464
150 0 600 0 150 143.964
150 0 600 0 150 148.089
144 0 600 0 150 151.839
138 0 600 0 150 155.214
132 0 600 0 150 158.214
126 0 600 0 150 160.839
120 0 600 0 150 163.089
114 0 600 0 150 164.964
108 0 600 0 150 166.464
102 0 600 0 150 167.589
96 0 600 0 150 168.339
90 0 600 0 150 168.714
84 0 600 0 150 168.714
78 0 600 0 150 168.339
72 0 600 0 150 167.589
66 0 600 0 150 166.464
60 0 600 0 150 164.964
60 0 600 0 150 163.089
60 0 600 0 150 160.839
60 0 600 0 150 158.214
60 0 600 0 150 155.214
60 0 600 0 150 151.839
60 0 600 0 150 148.089
60 0 600 0 150 143.964
60 0 600 0 150 139.464
60 0 600 0 150 134.589
60 0 600 0 150 129.339
60 0 600 0 150 123.714
60 0 600 0 150 117.714
60 0 600 0 150 111.339
60 0 600 0 150 104.589
60 0 600 0 150 97.464
60 0 600 0 150 89.964
60 0 600 0 150 82.089
60 0 600 0 150 73.839
60 0 600 0 150 65.214
60 0 600 0 150 56.214
60 0 600 0 150 46.839
60 0 600 0 150 37.089
60 0 600 0 150 26.964
60 0 600 0 150 16.464
60 0 600 0 150 5.589
150 75 600 75 150 133.5
144 74 600 74 150 133.125
138 72 600 72 150 132.375
132 69 600 69 150 131.25
126 66 600 66 150 129.75
120 62 600 62 150 127.875
114 57 600 57 150 125.625
108 51 600 51 150 123
102 45 600 45 150 120
96 38 600 38 150 116.625
90 30 600 30 150 112.875
84 21 600 21 150 108.75
78 12 600 12 150 104.25
72 2 600 2 150 99.375
66 0 600 0 150 94.125
60 0 600 0 150 88.5
60 0 600 0 150 82.5
60 0 600 0 150 76.125
60 0 600 0 150 69.375
60 0 600 0 150 62.25
60 0 600 0 150 54.75
60 0 600 0 150 46.875
60 0 600 0 150 38.625
60 0 600 0 150 30
60 0 600 0 150 21
60 0 600 0 150 11.625
150 75 600 75 150 133.5
150 74 600 74 150 133.125
150 72 600 72 150 132.375
150 69 600 69 150 131.25
150 66 600 66 150 129.75
150 62 600 62 150 127.875
144 57 600 57 150 125.625
138 51 600 51 150 123
132 45 600 45 150 120
126 38 600 38 150 116.625
120 30 600 30 150 112.875
114 21 600 21 150 108.75
108 12 600 12 150 104.25
102 2 600 2 150 99.375
96 0 600 0 150 94.125
90 0 600 0 150 88.5
84 0 600 0 150 82.5
78 0 600 0 150 76.125
72 0 600 0 150 69.375
72 0 600 0 150 62.25
72 0 600 0 150 54.75
72 0 600 0 150 46.875
72 0 600 0 150 38.625
72 0 600 0 150 30
72 0 600 0 150 21
72 0 600 0 150 11.625
150 75 600 75 150 133.5
150 74 600 74 150 133.125
150 72 600 72 150 132.375
150 69 600 69 150 131.25
150 66 600 66 150 129.75
150 62 600 62 150 127.875
150 57 600 57 150 125.625
150 51 600 51 150 123
150 45 600 45 150 120
150 38 600 38 150 116.625
150 30 600 30 150 112.875
150 21 600 21 150 108.75
150 12 600 12 150 104.25
150 2 600 2 150 99.375
150 0 600 0 150 94.125
150 0 600 0 150 88.5
150 0 600 0 150 82.5
144 0 600 0 150 76.125
138 0 600 0 150 69.375
132 0 600 0 150 62.25
126 0 600 0 150 54.75
120 0 600 0 150 46.875
114 0 600 0 150 38.625
108 0 600 0 150 30
102 0 600 0 150 21
96 0 600 0 150 11.625
150 75 600 75 150 133.5
150 74 600 74 150 133.125
150 72 600 72 150 132.375
150 69 600 69 150 131.25
150 66 600 66 150 129.75
150 62 600 62 150 127.875
150 57 600 57 150 125.625
150 51 600 51 150 123
150 45 600 45 150 120
150 38 600 38 150 116.625
150 30 600 30 150 112.875
150 21 600 21 150 108.75
144 12 600 12 150 104.25
138 2 600 2 150 99.375
132 0 600 0 150 94.125
126 0 600 0 150 88.5
120 0 600 0 150 82.5
114 0 600 0 150 76.125
108 0 600 0 150 69.375
102 0 600 0 150 62.25
96 0 600 0 150 54.75
90 0 600 0 150 46.875
84 0 600 0 150 38.625
84 0 600 0 150 30
84 0 600 0 150 21
84 0 600 0 150 11.625
150 75 600 75 150 133.5
150 74 600 74 150 133.125
150 72 600 72 150 132.375
144 69 600 69 150 131.25
138 66 600 66 150 129.75
132 62 600 62 150 127.875
126 57 600 57 150 125.625
120 51 600 51 150 123
114 45 600 45 150 120
108 38 600 38 150 116.625
102 30 600 30 150 112.875
96 21 600 21 150 108.75
90 12 600 12 150 104.25
84 2 600 2 150 99.375
78 0 600 0 150 94.125
78 0 600 0 150 88.5
78 0 600 0 150 82.5
78 0 600 0 150 76.125
78 0 600 0 150 69.375
78 0 600 0 150 62.25
78 0 600 0 150 54.75
78 0 600 0 150 46.875
78 0 600 0 150 38.625
78 0 600 0 150 30
78 0 600 0 150 21
78 0 600 0 150 11.625
78 0 600 0 150 11.25
