150 0 594 0 150 133.125
150 0 588 0 150 132.375
150 0 582 0 150 131.25
150 0 576 0 150 129.75
150 0 570 0 150 127.875
150 0 564 0 150 125.625
150 0 558 0 150 123
150 0 552 0 150 120
150 0 546 0 150 116.625
150 0 540 0 150 112.875
150 0 534 0 150 108.75
150 0 528 0 150 104.25
150 0 522 0 150 99.375
150 0 516 0 150 94.125
150 0 510 0 150 88.5
150 0 504 0 150 82.5
150 0 498 0 150 76.125
150 0 492 0 150 69.375
150 0 486 0 150 62.25
150 0 486 0 150 54.75
150 0 486 0 150 46.875
150 0 486 0 150 56.214
150 0 486 0 150 64.089
150 0 486 0 150 71.589
150 0 486 0 150 78.714
150 0 486 0 150 85.464
150 0 486 0 150 91.839
150 0 486 0 150 97.839
150 0 486 0 150 103.464
150 0 486 0 150 108.714
150 0 486 0 150 113.589
150 0 486 0 150 118.089
150 0 486 0 150 122.214
150 0 486 0 150 125.964
150 0 486 0 150 129.339
150 0 486 0 150 132.339
150 0 486 0 150 134.964
150 0 486 0 150 137.214
150 0 486 0 150 139.089
150 0 486 0 150 140.589
150 0 486 0 150 141.714
150 0 486 0 150 142.464
150 0 486 0 150 142.839
150 0 486 0 150 142.464
150 0 486 0 150 141.714
150 0 486 0 150 140.589
150 0 486 0 150 139.089
150 0 486 0 150 137.214
150 0 486 0 150 134.964
150 0 486 0 150 132.339
150 0 486 0 150 129.339
150 0 486 0 150 125.964
150 0 486 0 150 122.214
144 0 486 0 150 118.089
138 0 486 0 150 113.589
132 0 486 0 150 108.714
132 0 486 0 150 103.464
132 0 486 0 150 97.839
132 0 486 0 150 91.839
132 0 486 0 150 85.464
132 10 486 0 150 78.714
132 20 486 0 150 71.589
132 29 486 0 157.709 78.9904
132 37 486 0 163.81 92.3529
132 44 492 0 169.911 105.34
132 51 498 0 176.011 117.953
132 57 504 0 182.112 130.19
132 62 510 0 188.213 142.053
132 66 516 0 194.314 153.54
132 70 522 0 200.414 164.653
132 73 528 0 206.515 175.39
132 75 534 0 212.616 185.753
132 76 540 0 218.716 195.74
132 77 546 0 224.817 205.353
132 77 552 0 230.918 214.59
132 76 558 0 237.019 223.453
132 74 564 0 243.119 231.94
132 72 570 0 249.22 240.053
132 69 576 0 255.321 247.79
132 65 582 0 261.421 255.153
132 60 588 0 267.522 262.14
132 55 594 0 273.623 268.753
132 49 600 0 279.724 274.99
132 42 606 0 285.824 280.853
132 34 600 0 291.925 286.34
132 26 594 0 298.026 291.453
132 17 588 0 304.126 296.19
132 7 582 0 310.227 300.553
132 0 576 0 316.328 304.54
132 0 570 0 322.429 308.153
132 0 564 0 328.529 311.39
132 0 570 0 334.63 314.253
132 0 576 0 340.731 316.74
132 0 582 0 346.831 318.853
132 0 588 0 352.932 320.59
132 0 594 0 359.033 321.953
132 0 600 0 365.134 322.94
132 0 606 0 371.234 323.553
132 0 612 0 377.335 323.79
132 0 618 0 383.436 323.653
132 0 624 0 389.536 323.14
132 0 630 0 395.637 322.253
132 0 636 0 401.738 320.99
132 0 630 0 407.838 319.353
132 0 624 0 413.939 317.34
132 0 618 0 420.04 314.953
132 0 612 0 426.141 312.19
132 0 606 0 432.241 309.053
132 0 600 0 438.342 305.54
132 0 594 0 444.443 301.653
132 0 588 0 450.543 297.39
132 0 582 0 456.644 292.753
132 0 576 0 462.745 287.74
132 0 570 0 468.846 282.353
132 0 576 0 474.946 276.59
132 0 582 0 481.047 270.452
132 0 588 0 487.148 263.94
132 0 594 0 493.248 257.052
132 0 600 0 499.349 249.79
132 0 606 0 505.45 242.152
132 0 612 0 511.551 234.14
132 0 618 0 517.651 225.752
132 0 624 0 523.752 216.99
132 0 618 0 529.853 207.852
132 0 612 0 535.953 198.34
132 0 606 0 542.054 188.452
132 0 600 0 548.155 178.19
132 0 594 0 554.256 167.552
132 0 588 0 560.356 156.54
132 0 582 0 566.457 145.152
132 0 576 0 572.558 133.39
132 0 570 0 578.658 121.252
132 0 564 10 584.759 108.74
132 0 558 20 590.86 95.8524
132 0 564 29 596.96 82.5898
132 0 570 37 610.971 75.4883
132 0 576 44 630.201 76.798
132 0 582 51 649.431 77.7327
132 0 588 57 668.661 78.2924
132 0 594 62 687.891 78.4771
132 0 600 66 707.121 78.2868
132 0 606 70 726.351 77.7214
132 0 612 73 745.581 76.7811
132 0 618 75 726.351 75.4658
132 0 624 76 707.121 73.7755
132 0 630 77 687.891 71.7102
132 0 636 77 690.536 63.3661
132 0 642 76 712.355 52.1635
132 0 648 74 734.174 40.5859
132 0 654 72 755.993 28.6332
132 0 660 69 734.174 16.3056
132 0 666 65 712.355 3.60299
150 75 600 75 600 133.5
150 74 606 74 600 133.125
150 72 612 72 600 132.375
150 69 618 69 600 131.25
150 66 624 66 600 129.75
150 62 630 62 600 127.875
150 57 636 57 600 125.625
150 51 642 51 600 123
150 45 648 45 600 120
150 38 654 38 600 116.625
150 30 660 30 600 112.875
150 21 666 21 600 108.75
150 12 672 12 600 104.25
150 2 678 2 600 99.375
150 0 684 0 600 94.125
150 0 690 0 600 88.5
150 0 696 0 600 82.5
150 0 702 0 600 76.125
150 0 708 0 600 69.375
150 0 714 10 600 62.25
150 0 720 20 600 54.75
150 0 726 30 600 46.875
150 0 732 40 600 38.625
150 0 738 50 600 30
150 0 744 60 600 21
150 0 750 69 600 11.625
150 75 600 75 600 133.5
150 74 594 85 600 133.125
150 72 588 95 605.342 148.472
150 69 582 104 599.782 158.829
150 66 576 112 594.223 168.812
150 62 570 119 588.663 178.419
150 57 564 126 583.103 187.651
150 51 558 132 577.543 196.508
144 45 552 137 571.983 204.99
138 38 546 141 566.424 213.098
132 30 540 145 560.864 220.83
126 21 534 148 555.304 228.187
120 12 528 150 549.744 235.169
114 2 522 151 544.184 241.777
108 0 516 152 538.625 248.009
102 0 510 152 533.065 253.866
96 0 504 151 527.505 259.348
90 0 498 149 521.945 264.456
84 0 492 147 516.385 269.188
78 0 486 144 510.825 273.545
72 0 480 140 505.266 277.527
66 0 474 135 499.706 281.135
66 0 468 130 494.146 284.367
66 0 462 124 488.586 287.224
66 0 456 117 483.026 289.706
66 0 450 109 477.467 291.813
66 0 444 101 471.907 293.546
66 0 438 92 466.347 294.903
66 0 432 82 460.787 295.885
66 0 426 71 455.227 296.492
66 0 420 60 449.667 296.725
66 0 414 48 444.108 296.582
66 0 408 35 438.548 296.064
66 0 402 45 432.988 295.171
66 0 396 55 427.428 293.904
66 0 390 64 421.868 292.261
66 0 384 72 416.309 290.243
72 0 378 79 410.749 287.85
78 0 372 86 405.189 285.083
84 0 366 92 399.629 281.94
90 0 360 97 394.069 278.422
96 0 354 101 388.51 274.529
102 0 348 105 382.95 270.262
108 0 342 108 377.39 265.619
114 0 336 110 371.83 260.601
120 0 330 111 366.27 255.208
120 0 336 112 360.71 249.44
120 0 342 112 355.151 243.298
120 0 348 111 349.591 236.78
114 0 354 109 344.031 229.887
108 0 360 107 338.471 222.619
102 0 366 104 332.911 214.977
96 0 372 100 327.352 206.959
90 0 378 95 321.792 198.566
84 0 384 90 316.232 189.798
78 0 390 84 310.672 180.656
78 0 396 77 305.112 171.138
78 0 402 69 299.552 161.245
78 0 408 61 293.993 150.977
78 0 414 52 288.433 140.335
78 0 420 42 282.873 129.317
78 0 426 31 277.313 117.924
84 0 432 20 271.753 106.156
90 0 438 8 266.194 94.0135
96 0 444 0 260.634 81.4958
102 0 450 10 255.074 68.603
108 0 456 20 249.514 55.3352
114 0 462 29 243.954 41.6925
120 0 468 37 238.394 27.6747
126 0 474 44 232.835 13.2819
132 0 474 51 227.275 -1.48583
150 75 600 75 150 133.5
150 74 594 74 150 133.125
150 72 588 72 150 132.375
150 69 582 69 150 131.25
150 66 576 66 150 129.75
150 62 570 62 150 127.875
156 57 564 57 150 125.625
162 51 558 51 150 123
168 45 552 45 150 120
168 38 546 38 150 116.625
162 30 540 30 150 112.875
156 21 534 21 150 108.75
150 12 528 12 150 104.25
144 2 522 2 150 99.375
138 0 516 0 150 94.125
132 0 510 0 150 88.5
132 0 504 0 150 82.5
132 0 498 0 150 76.125
132 0 492 0 150 69.375
132 0 486 0 150 62.25
132 0 486 0 150 54.75
132 0 486 0 150 46.875
132 0 486 0 156.064 50.8027
132 0 486 0 162.448 55.654
132 0 486 0 168.831 60.1302
132 0 486 0 175.215 64.2315
132 0 486 0 181.598 67.9577
132 0 486 0 187.982 71.3089
132 0 486 0 194.365 74.2852
132 0 486 0 200.749 76.8864
132 0 486 0 207.132 79.1127
132 0 486 0 213.516 80.9639
132 0 486 0 219.899 82.4402
132 0 486 0 226.283 83.5414
132 0 486 0 232.666 84.2677
132 0 486 0 239.05 84.6189
132 0 486 0 245.433 84.5951
132 0 486 0 251.817 84.1964
132 0 486 0 258.2 83.4226
132 0 486 0 264.584 82.2739
132 0 486 0 270.967 80.7501
132 0 486 0 277.351 78.8514
132 0 486 0 283.734 76.5776
132 0 486 0 290.118 73.9289
132 0 486 0 296.501 70.9051
132 0 486 0 302.885 67.5063
132 0 486 0 309.268 63.7326
132 0 486 0 315.652 59.5838
132 0 486 0 322.035 55.0601
132 0 486 0 328.419 50.1613
132 0 486 0 334.802 44.8876
132 0 486 0 341.185 39.2388
132 0 486 0 347.569 33.215
132 0 486 0 353.952 26.8163
132 0 486 0 360.336 20.0425
132 0 486 0 360.336 12.8938
132 0 486 0 360.336 5.37003
150 75 600 75 150 133.5
150 74 594 74 150 133.125
150 72 588 72 150 132.375
150 69 582 69 150 131.25
150 66 576 66 150 129.75
150 62 570 62 150 127.875
150 57 564 57 150 125.625
150 51 558 51 150 123
150 45 552 45 150 120
150 38 546 38 150 116.625
150 30 540 30 150 112.875
150 21 534 21 150 108.75
150 12 528 12 150 104.25
150 2 522 2 150 99.375
150 0 516 0 150 94.125
150 0 510 0 150 88.5
150 0 504 0 150 82.5
150 0 498 0 150 76.125
150 0 492 0 150 69.375
150 0 486 0 150 62.25
150 0 486 0 150 54.75
150 0 486 0 150 46.875
150 0 486 0 150 56.214
150 0 486 0 150 64.089
150 0 486 0 150 71.589
150 0 486 0 150 78.714
150 0 486 0 150 85.464
150 0 486 0 150 91.839
150 0 486 0 150 97.839
150 0 486 0 150 103.464
150 0 486 0 150 108.714
150 0 486 0 150 113.589
150 0 486 0 150 118.089
150 0 486 0 150 122.214
144 0 486 0 150 125.964
138 0 486 0 150 129.339
132 0 486 0 150 132.339
126 0 486 0 150 134.964
120 0 486 0 150 137.214
114 0 486 0 150 139.089
108 0 486 0 150 140.589
102 0 486 0 150 141.714
96 0 486 0 150 142.464
90 0 486 0 150 142.839
90 0 486 0 150 142.464
90 0 486 0 150 141.714
90 0 486 0 150 140.589
90 0 486 0 150 139.089
90 0 486 0 150 137.214
90 0 486 0 150 134.964
90 0 486 0 150 132.339
90 0 486 0 150 129.339
90 0 486 0 150 125.964
90 0 486 0 150 122.214
90 0 486 0 150 118.089
90 0 486 0 150 113.589
90 0 486 0 150 108.714
90 0 486 0 150 103.464
90 0 486 0 150 97.839
90 0 486 0 150 91.839
90 0 486 0 150 85.464
90 0 486 0 150 78.714
90 0 486 0 150 71.589
90 0 486 0 150 64.089
90 0 486 0 150 56.214
90 0 486 0 150 47.964
90 0 486 0 150 39.339
90 0 486 0 150 30.339
90 0 486 0 150 20.964
90 0 486 0 150 11.214
150 75 600 75 150 133.5
150 74 594 74 150 133.125
150 72 588 72 150 132.375
150 69 582 69 150 131.25
150 66 576 66 150 129.75
150 62 570 62 150 127.875
150 57 564 57 150 125.625
150 51 558 51 150 123
150 45 552 45 150 120
150 38 546 38 150 116.625
150 30 540 30 150 112.875
150 21 534 21 150 108.75
144 12 528 12 150 104.25
138 2 522 2 150 99.375
132 0 516 0 150 94.125
126 0 510 0 150 88.5
120 0 504 0 150 82.5
114 0 498 0 150 76.125
108 0 492 0 150 69.375
102 0 486 0 150 62.25
96 0 486 0 150 54.75
90 0 486 0 150 46.875
84 0 486 0 150 38.625
78 0 486 0 150 30
72 0 486 0 150 21
72 0 486 0 150 11.625
150 75 600 75 150 133.5
150 74 594 74 150 133.125
150 72 588 72 150 132.375
150 69 582 69 150 131.25
150 66 576 66 150 129.75
150 62 570 62 150 127.875
144 57 564 57 150 125.625
138 51 558 51 150 123
132 45 552 45 150 120
126 38 546 38 150 116.625
120 30 540 30 150 112.875
114 21 534 21 150 108.75
108 12 528 12 150 104.25
102 2 522 2 150 99.375
96 0 516 0 150 94.125
90 0 510 0 150 88.5
90 0 504 0 150 82.5
90 0 498 0 150 76.125
90 0 492 0 150 69.375
90 0 486 0 150 62.25
90 0 486 0 150 54.75
90 0 486 0 150 46.875
90 0 486 0 150 38.625
90 0 486 0 150 30
90 0 486 0 150 21
90 0 486 0 150 11.625
150 75 600 75 150 133.5
144 74 594 74 150 133.125
138 72 588 72 150 132.375
132 69 582 69 150 131.25
126 66 576 66 150 129.75
120 62 570 62 150 127.875
114 57 564 57 150 125.625
108 51 558 51 150 123
102 45 552 45 150 120
96 38 546 38 150 116.625
90 30 540 30 150 112.875
84 21 534 21 150 108.75
78 12 528 12 150 104.25
78 2 522 2 150 99.375
78 0 516 0 150 94.125
78 0 510 0 150 88.5
78 0 504 0 150 82.5
78 0 498 0 150 76.125
78 0 492 0 150 69.375
78 0 486 0 150 62.25
78 0 486 0 150 54.75
78 0 486 0 150 46.875
78 0 486 0 150 38.625
78 0 486 0 150 30
78 0 486 0 150 21
78 0 486 0 150 11.625
150 75 600 75 150 133.5
144 74 594 74 150 133.125
138 72 588 72 150 132.375
132 69 582 69 150 131.25
126 66 576 66 150 129.75
120 62 570 62 150 127.875
114 57 564 57 150 125.625
108 51 558 51 150 123
102 45 552 45 150 120
96 38 546 38 150 116.625
90 30 540 30 150 112.875
84 21 534 21 150 108.75
78 12 528 12 150 104.25
78 2 522 2 150 99.375
78 0 516 0 150 94.125
78 0 510 0 150 88.5
78 0 504 0 150 82.5
78 0 498 0 150 76.125
78 0 492 0 150 69.375
78 0 486 0 150 62.25
78 0 486 0 150 54.75
78 0 486 0 150 46.875
78 0 486 0 150 38.625
78 0 486 0 150 30
78 0 486 0 150 21
78 0 486 0 150 11.625
78 0 486 0 150 11.25
