150 0 600 0 150 133.125
150 0 600 0 150 132.375
150 0 600 0 150 131.25
150 0 600 0 150 129.75
150 0 600 0 150 127.875
150 0 600 0 150 125.625
150 0 600 0 150 123
150 0 600 0 150 120
150 0 600 0 150 116.625
150 0 600 0 150 112.875
150 0 600 0 150 108.75
150 0 600 0 150 104.25
150 0 600 0 150 99.375
150 0 600 0 150 94.125
150 0 600 0 150 88.5
150 0 600 0 150 82.5
150 0 600 0 150 76.125
150 0 600 0 150 69.375
150 0 600 0 150 62.25
150 0 600 0 150 54.75
150 0 600 0 150 46.875
150 0 600 0 150 56.214
150 0 600 0 150 64.089
150 0 600 0 150 71.589
150 0 600 0 150 78.714
150 0 600 0 150 85.464
150 0 600 0 150 91.839
150 0 600 0 150 97.839
150 0 600 0 150 103.464
150 0 600 0 150 108.714
150 0 600 0 150 113.589
150 0 600 0 150 118.089
144 0 600 0 150 122.214
138 0 600 0 150 125.964
132 0 600 0 150 129.339
126 0 600 0 150 132.339
120 0 600 0 150 134.964
114 0 600 0 150 137.214
108 0 600 0 150 139.089
102 0 600 0 150 140.589
96 0 600 0 150 141.714
90 0 600 0 150 142.464
84 0 600 0 150 142.839
78 0 600 0 150 142.839
78 0 600 0 150 142.464
78 0 600 0 150 141.714
78 0 600 0 150 140.589
78 0 600 0 150 139.089
78 0 600 0 150 137.214
78 0 600 0 150 134.964
78 0 600 0 150 132.339
78 0 600 0 150 129.339
78 0 600 0 150 125.964
78 0 600 0 150 122.214
78 0 600 0 150 118.089
78 0 600 0 150 113.589
78 0 600 0 150 108.714
78 0 600 0 150 103.464
78 0 600 0 150 97.839
78 0 600 0 150 91.839
78 0 600 0 150 85.464
78 0 600 0 150 78.714
78 0 600 0 150 71.589
78 0 600 0 150 64.089
78 0 600 0 150 56.214
78 0 600 0 150 47.964
78 0 600 0 150 39.339
78 0 600 0 150 30.339
78 0 600 0 150 20.964
78 0 600 0 150 11.214
150 75 600 75 150 133.5
150 74 600 74 150 133.125
150 72 600 72 150 132.375
150 69 600 69 150 131.25
150 66 600 66 150 129.75
150 62 600 62 150 127.875
150 57 600 57 150 125.625
150 51 600 51 150 123
150 45 600 45 150 120
150 38 600 38 150 116.625
150 30 600 30 150 112.875
144 21 600 21 150 108.75
138 12 600 12 150 104.25
132 2 600 2 150 99.375
126 0 600 0 150 94.125
120 0 600 0 150 88.5
114 0 600 0 150 82.5
108 0 600 0 150 76.125
102 0 600 0 150 69.375
96 0 600 0 150 62.25
90 0 600 0 150 54.75
84 0 600 0 150 46.875
78 0 600 0 150 38.625
72 0 600 0 150 30
66 0 600 0 150 21
60 0 600 0 150 11.625
150 75 600 75 150 133.5
150 74 600 74 150 133.125
144 72 600 72 150 132.375
138 69 600 69 150 131.25
132 66 600 66 150 129.75
126 62 600 62 150 127.875
120 57 600 57 150 125.625
114 51 600 51 150 123
108 45 600 45 150 120
102 38 600 38 150 116.625
96 30 600 30 150 112.875
90 21 600 21 150 108.75
84 12 600 12 150 104.25
78 2 600 2 150 99.375
72 0 600 0 150 94.125
66 0 600 0 150 88.5
60 0 600 0 150 82.5
60 0 600 0 150 76.125
60 0 600 0 150 69.375
60 0 600 0 150 62.25
60 0 600 0 150 54.75
60 0 600 0 150 46.875
60 0 600 0 150 38.625
60 0 600 0 150 30
60 0 600 0 150 21
60 0 600 0 150 11.625
150 75 600 75 150 133.5
144 74 600 74 150 133.125
138 72 600 72 150 132.375
132 69 600 69 150 131.25
126 66 600 66 150 129.75
126 62 600 62 150 127.875
126 57 600 57 150 125.625
126 51 600 51 150 123
126 45 600 45 150 120
126 38 600 38 150 116.625
126 30 600 30 150 112.875
126 21 600 21 150 108.75
126 12 600 12 150 104.25
126 2 600 2 150 99.375
126 0 600 0 150 94.125
126 0 600 0 150 88.5
126 0 600 0 150 82.5
126 0 600 0 150 76.125
126 0 600 0 150 69.375
126 0 600 0 150 62.25
126 0 600 0 150 54.75
126 0 600 0 150 46.875
126 0 600 0 156.018 47.5283
126 0 600 0 163.467 50.6984
126 0 600 0 170.917 53.4934
126 0 600 0 178.366 55.9135
126 0 600 0 185.816 57.9585
126 0 600 0 193.265 59.6286
126 0 600 0 200.715 60.9236
126 0 600 0 208.164 61.8437
126 0 600 0 215.614 62.3887
126 0 600 0 223.063 62.5588
126 0 600 0 230.513 62.3538
126 0 600 0 237.962 61.7739
126 0 600 0 245.412 60.8189
126 0 600 0 252.861 59.489
126 0 600 0 260.311 57.784
126 0 600 0 267.76 55.7041
126 0 600 0 275.21 53.2491
126 0 600 0 282.659 50.4192
126 0 600 0 290.109 47.2142
126 0 600 0 297.558 43.6343
126 0 600 0 305.008 39.6793
126 0 600 0 312.457 35.3494
126 0 600 0 319.907 30.6444
126 0 600 0 327.356 25.5645
126 0 600 0 334.806 20.1095
126 0 600 0 342.256 14.2796
126 0 600 0 349.705 8.0746
150 75 600 75 150 133.5
144 74 600 74 150 133.125
138 72 600 72 150 132.375
132 69 600 69 150 131.25
126 66 600 66 150 129.75
120 62 600 62 150 127.875
114 57 600 57 150 125.625
108 51 600 51 150 123
102 45 600 45 150 120
96 38 600 38 150 116.625
90 30 600 30 150 112.875
84 21 600 21 150 108.75
78 12 600 12 150 104.25
72 2 600 2 150 99.375
66 0 600 0 150 94.125
60 0 600 0 150 88.5
54 0 600 0 150 82.5
48 0 600 0 150 76.125
42 0 600 0 150 69.375
36 0 600 0 150 62.25
30 0 600 0 150 54.75
24 0 600 0 150 46.875
18 0 600 0 150 38.625
12 0 600 0 150 30
6 0 600 0 150 21
0 0 600 0 150 11.625
150 75 600 75 150 133.5
150 74 600 74 150 133.125
150 72 600 72 150 132.375
150 69 600 69 150 131.25
150 66 600 66 150 129.75
150 62 600 62 150 127.875
150 57 600 57 150 125.625
150 51 600 51 150 123
150 45 600 45 150 120
150 38 600 38 150 116.625
150 30 600 30 150 112.875
150 21 600 21 150 108.75
150 12 600 12 150 104.25
150 2 600 2 150 99.375
150 0 600 0 150 94.125
150 0 600 0 150 88.5
150 0 600 0 150 82.5
150 0 600 0 150 76.125
150 0 600 0 150 69.375
150 0 600 0 150 62.25
150 0 600 0 150 54.75
150 0 600 0 150 46.875
150 0 600 0 150 56.214
150 0 600 0 150 64.089
150 0 600 0 150 71.589
150 0 600 0 150 78.714
150 10 600 0 150 85.464
150 20 600 0 150 91.839
150 29 600 0 150 97.839
150 37 600 0 150 103.464
150 44 600 0 150 108.714
150 51 600 0 150 113.589
150 57 600 0 150 118.089
150 62 600 0 150 122.214
150 66 600 0 150 125.964
150 70 600 0 150 129.339
150 73 600 0 150 132.339
150 75 600 0 150 134.964
150 76 600 0 150 137.214
150 77 600 0 150 139.089
150 77 600 0 150 140.589
150 76 600 0 150 141.714
150 74 600 0 150 142.464
150 72 600 0 150 142.839
150 69 600 0 150 142.839
150 65 600 0 150 142.464
150 60 600 0 150 141.714
150 55 600 0 150 140.589
150 49 600 0 150 139.089
150 42 600 0 150 137.214
150 34 600 0 150 134.964
150 26 600 0 150 132.339
150 17 600 0 150 129.339
150 7 600 0 150 125.964
150 0 600 0 150 122.214
150 0 600 0 150 118.089
150 0 600 0 150 113.589
150 0 600 0 150 108.714
150 0 600 0 150 103.464
150 10 600 0 150 97.839
150 20 600 0 150 91.839
150 29 600 0 150 85.464
150 37 600 0 150 93.214
150 44 600 0 150 108.214
150 51 600 0 150 122.839
150 57 600 0 150 137.089
150 62 600 0 150 150.964
150 66 600 0 150 164.464
150 70 600 0 150 177.589
150 73 600 0 150 190.339
150 75 600 0 150 202.714
150 76 600 0 150 214.714
150 77 600 0 150 226.339
150 77 600 0 150 237.589
150 76 600 0 150 248.464
150 74 600 0 150 258.964
150 72 600 0 150 269.089
150 69 600 0 150 278.839
150 65 600 0 150 288.214
150 60 600 0 150 297.214
150 55 600 0 150 305.839
150 49 600 0 150 314.089
150 42 600 0 150 321.964
144 34 600 0 150 329.464
138 26 600 0 150 336.589
132 17 600 0 150 343.339
126 7 600 0 150 349.714
120 0 600 0 150 355.714
114 0 600 0 150 361.339
108 0 600 0 150 366.589
108 0 600 0 150 371.464
108 0 600 0 150 375.964
108 0 600 0 150 380.089
108 0 600 0 150 383.839
108 0 600 0 150 387.214
108 0 600 0 150 390.214
108 0 600 0 150 392.839
108 0 600 0 150 395.089
114 0 600 0 150 396.964
120 0 600 0 150 398.464
126 0 600 0 150 399.589
132 0 600 0 150 400.339
138 0 600 0 150 400.714
144 0 600 0 150 400.714
150 0 600 0 150 400.339
156 0 600 0 150 399.589
162 0 600 0 150 398.464
162 0 600 0 150 396.964
162 0 600 0 150 395.089
162 0 600 0 150 392.839
162 0 600 0 150 390.214
162 0 600 0 150 387.214
162 0 600 0 150 383.839
162 0 600 0 150 380.089
162 0 600 0 150 375.964
162 0 600 0 150 371.464
162 0 600 0 150 366.589
162 0 600 0 150 361.339
156 0 600 0 150 355.714
150 0 600 0 150 349.714
150 0 600 0 150 343.339
150 0 600 0 150 336.589
150 0 600 0 150 329.464
150 0 600 0 150 321.964
150 0 600 0 150 314.089
150 0 600 0 150 305.839
150 0 600 0 150 297.214
144 0 600 0 150 288.214
138 0 600 0 150 278.839
132 0 600 0 150 269.089
126 0 600 0 150 258.964
120 0 600 0 150 248.464
114 0 600 0 150 237.589
108 0 600 0 150 226.339
102 0 600 0 150 214.714
96 0 600 0 150 202.714
90 0 600 0 150 190.339
84 0 600 0 150 177.589
78 0 600 0 150 164.464
72 0 600 0 150 150.964
66 0 600 0 150 137.089
60 0 600 0 150 122.839
54 0 600 0 150 108.214
48 0 600 0 150 93.214
42 0 600 0 150 77.839
36 0 600 0 150 62.089
30 0 600 0 150 45.964
24 0 600 0 150 29.464
18 0 600 0 150 12.589
12 0 600 0 150 -4.661
150 75 600 75 150 133.5
150 74 600 74 150 133.125
150 72 600 72 150 132.375
150 69 600 69 150 131.25
150 66 600 66 150 129.75
150 62 600 62 150 127.875
150 57 600 57 150 125.625
150 51 600 51 150 123
150 45 600 45 150 120
150 38 600 38 150 116.625
150 30 600 30 150 112.875
150 21 600 21 150 108.75
150 12 600 12 150 104.25
150 2 600 2 150 99.375
150 0 600 0 150 94.125
150 0 600 0 150 88.5
150 0 600 0 150 82.5
150 0 600 0 150 76.125
150 0 600 0 150 69.375
150 0 600 0 150 62.25
150 0 600 0 150 54.75
150 0 600 0 150 46.875
150 0 600 0 150 56.214
150 0 600 0 150 64.089
150 0 600 0 150 71.589
150 0 600 0 150 78.714
150 0 600 0 150 85.464
150 0 600 0 150 91.839
150 0 600 0 150 97.839
150 0 600 0 150 103.464
150 0 600 0 150 108.714
150 0 600 0 150 113.589
150 10 600 0 150 118.089
150 20 600 0 150 122.214
150 29 600 0 150 125.964
150 37 600 0 150 129.339
150 44 600 0 150 132.339
150 51 600 0 150 134.964
150 57 600 0 150 137.214
150 62 600 0 150 139.089
150 66 600 0 150 140.589
150 70 600 0 150 141.714
150 73 600 0 150 142.464
150 75 600 0 150 142.839
150 76 600 0 150 142.839
150 77 600 0 150 142.464
150 77 600 0 150 141.714
150 76 600 0 150 140.589
150 74 600 0 150 139.089
150 72 600 0 150 137.214
150 69 600 0 150 134.964
150 65 600 0 150 132.339
150 60 600 0 150 129.339
150 55 600 0 150 125.964
150 49 600 0 150 122.214
150 42 600 0 150 118.089
150 34 600 0 150 113.589
150 26 600 0 150 108.714
150 17 600 0 150 103.464
150 7 600 0 150 97.839
150 0 600 0 150 91.839
150 10 600 0 150 85.464
150 20 600 0 150 78.714
150 29 600 0 150 85.214
150 37 600 0 150 101.339
150 44 600 0 150 117.089
150 51 600 0 150 132.464
150 57 600 0 150 147.464
150 62 600 0 150 162.089
150 66 600 0 150 176.339
150 70 600 0 150 190.214
150 73 600 0 150 203.714
150 75 600 0 150 216.839
150 76 600 0 150 229.589
150 77 600 0 150 241.964
150 77 600 0 150 253.964
150 76 600 0 150 265.589
150 74 600 0 150 276.839
150 72 600 0 150 287.714
150 69 600 0 150 298.214
150 65 600 0 150 308.339
150 60 600 0 150 318.089
150 55 600 0 150 327.464
150 49 600 0 150 336.464
150 42 600 0 150 345.089
150 34 600 0 150 353.339
150 26 600 0 150 361.214
150 17 600 0 150 368.714
150 7 600 0 150 375.839
150 0 600 0 150 382.589
150 0 600 0 150 388.964
150 0 600 0 150 394.964
150 0 600 0 150 400.589
150 0 600 0 150 405.839
150 0 600 0 150 410.714
150 0 600 0 150 415.214
150 0 600 0 150 419.339
150 0 600 0 150 423.089
144 0 600 0 150 426.464
138 0 600 0 150 429.464
132 0 600 0 150 432.089
126 0 600 0 150 434.339
120 0 600 0 150 436.214
114 0 600 0 150 437.714
108 0 600 0 150 438.839
102 0 600 0 150 439.589
96 0 600 0 150 439.964
90 0 600 0 150 439.964
84 0 600 0 150 439.589
78 0 600 0 150 438.839
72 0 600 0 150 437.714
66 0 600 0 150 436.214
60 0 600 0 150 434.339
54 0 600 0 150 432.089
48 0 600 0 150 429.464
42 0 600 0 150 426.464
36 0 600 0 150 423.089
30 0 600 0 150 419.339
24 0 600 0 150 415.214
18 0 600 0 150 410.714
12 0 600 0 150 405.839
6 0 600 0 150 400.589
0 0 600 0 150 394.964
-6 0 600 0 150 388.964
-12 0 600 0 150 382.589
-18 0 600 0 150 375.839
-18 0 600 0 150 368.714
-18 0 600 0 150 361.214
-18 0 600 0 150 353.339
-18 0 600 0 150 345.089
-12 0 600 0 150 336.464
-6 0 600 0 150 327.464
0 0 600 0 150 318.089
6 0 600 0 150 308.339
12 0 600 0 150 298.214
18 0 600 0 150 287.714
24 0 600 0 150 276.839
30 0 600 0 150 265.589
36 0 600 0 150 253.964
42 0 600 0 150 241.964
48 0 600 0 150 229.589
54 0 600 0 150 216.839
60 0 600 0 150 203.714
66 0 600 0 150 190.214
72 0 600 0 150 176.339
78 0 600 0 150 162.089
84 0 600 0 150 147.464
90 0 600 0 150 132.464
96 0 600 0 150 117.089
102 0 600 0 150 101.339
108 0 600 0 150 85.214
114 0 600 0 150 68.714
120 0 600 0 150 51.839
126 0 600 0 158.418 45.925
132 0 600 0 180.672 51.3266
138 0 600 0 202.926 56.3531
144 0 600 0 225.18 61.0047
150 0 600 0 247.434 65.2813
156 0 600 0 269.688 69.1828
162 0 600 0 291.942 72.7094
168 0 600 0 314.196 75.8609
174 0 600 0 336.45 78.6375
180 0 600 0 358.704 81.0391
180 0 600 0 380.958 83.0656
180 0 600 0 403.212 84.7172
180 0 600 0 425.466 85.9937
180 0 600 0 447.72 86.8953
180 0 600 0 469.974 87.4219
180 0 600 0 492.228 87.5734
180 0 600 0 514.482 87.35
180 0 600 0 536.736 86.7515
180 0 600 0 558.99 85.7781
180 0 600 0 581.244 84.4297
180 0 600 0 603.499 82.7062
180 0 600 0 625.753 80.6078
180 0 600 0 648.007 78.1343
180 0 600 0 670.261 75.2859
180 0 600 0 692.515 72.0624
180 0 600 0 714.769 68.464
180 0 600 0 737.023 64.4906
180 0 600 0 759.277 60.1421
180 0 600 0 737.023 55.4187
180 0 600 0 714.769 50.3202
180 0 600 0 692.515 44.8468
180 0 600 0 670.261 38.9984
180 0 600 0 648.007 32.7749
180 0 600 0 638.962 40.5209
180 0 600 0 644.683 62.6415
180 0 600 0 650.404 84.3871
180 0 600 0 656.125 105.758
180 0 600 0 661.846 126.753
180 0 600 0 667.567 147.374
180 0 600 0 673.288 167.62
180 0 600 0 679.009 187.49
180 0 600 0 684.73 206.986
180 0 600 0 690.451 226.106
180 0 600 0 696.172 244.852
180 0 600 0 701.893 263.223
180 0 600 0 707.614 281.218
180 0 600 0 713.335 298.839
180 0 600 0 719.056 316.084
180 0 600 0 724.777 332.955
180 0 600 0 730.498 349.45
180 0 600 0 736.219 365.571
180 0 600 0 741.94 381.317
180 0 600 0 736.219 396.687
180 0 600 0 730.498 411.683
180 0 600 0 724.777 426.303
180 0 600 0 719.056 440.549
180 0 600 0 713.335 454.42
180 0 600 0 707.614 467.915
180 0 600 0 701.893 481.036
180 0 600 0 696.172 493.781
180 0 600 0 690.451 506.152
180 0 600 0 684.73 518.148
180 0 600 0 679.009 529.768
180 0 600 0 673.288 541.014
180 0 600 0 667.567 551.884
180 0 600 0 661.846 562.38
180 0 600 0 656.125 572.501
180 0 600 0 650.404 582.246
180 0 600 0 644.683 591.617
180 0 600 0 638.962 600.612
180 0 600 0 633.241 609.233
180 0 600 0 627.52 617.479
180 0 600 0 621.799 625.349
180 0 600 0 616.078 632.845
180 0 600 0 610.357 639.965
180 0 600 0 604.636 646.711
180 0 600 0 598.915 653.082
180 0 600 0 593.194 659.077
180 0 600 0 587.473 664.698
180 0 600 0 581.752 669.943
180 0 600 0 576.031 674.814
180 0 600 0 570.31 679.31
180 0 600 0 564.589 683.43
180 0 600 0 558.868 687.176
180 0 600 0 553.147 690.546
180 0 600 0 547.426 693.542
180 0 600 0 541.705 696.163
180 0 600 0 535.984 698.408
180 0 600 0 530.263 700.279
180 0 600 0 524.542 701.774
180 0 600 0 518.821 702.895
180 0 600 0 513.1 703.641
180 0 600 0 507.379 704.011
180 0 600 0 501.658 704.007
180 0 600 0 495.937 703.627
180 0 600 0 490.216 702.873
180 0 600 0 484.495 701.744
180 0 600 0 478.774 700.239
180 0 600 0 473.053 698.36
180 0 600 0 467.332 696.105
180 0 600 0 461.612 693.476
180 0 600 0 455.891 690.472
180 0 600 0 450.17 687.092
180 0 600 0 444.449 683.338
180 0 600 0 438.728 679.208
180 0 600 0 433.007 674.704
180 0 600 0 427.286 669.825
180 0 600 0 421.565 664.57
180 0 600 0 415.844 658.941
180 0 600 0 410.123 652.936
180 0 600 0 404.402 646.557
180 0 600 0 398.681 639.803
180 0 600 0 392.96 632.673
180 0 600 0 387.239 625.169
180 0 600 0 381.518 617.289
180 0 600 0 375.797 609.035
180 0 600 0 370.076 600.406
180 0 600 0 364.355 591.401
180 0 600 0 358.634 582.022
180 0 600 0 352.913 572.267
180 0 600 0 347.192 562.138
180 0 600 0 341.471 551.634
180 0 600 0 335.75 540.754
180 0 600 0 330.029 529.5
180 0 600 0 324.308 517.87
180 0 600 0 318.587 505.866
180 0 600 0 312.866 493.487
180 0 600 0 307.145 480.732
180 0 600 0 301.424 467.603
180 0 600 0 295.703 454.098
180 0 600 0 289.982 440.219
180 0 600 0 284.261 425.965
180 0 600 0 278.54 411.335
180 0 600 0 272.819 396.331
180 0 600 0 267.098 380.951
180 0 600 0 261.377 365.197
180 0 600 0 255.656 349.068
180 0 600 0 249.935 332.563
180 0 600 0 244.214 315.684
180 0 600 0 238.493 298.429
180 0 600 0 232.772 280.8
180 0 600 0 227.051 262.796
180 0 600 0 221.33 244.416
180 0 600 0 215.609 225.662
180 0 600 0 209.888 206.532
180 0 600 0 204.167 187.028
180 0 600 0 198.446 167.149
180 0 600 0 192.725 146.894
180 0 600 0 187.004 126.265
180 0 600 0 181.283 105.26
180 0 600 0 175.562 83.881
180 0 600 0 169.841 62.1266
180 0 600 0 158.664 52.0074
180 0 600 0 139.049 63.3679
180 0 600 0 119.435 74.3533
180 0 600 0 99.8208 84.9638
180 0 600 0 80.2065 95.1992
180 0 600 0 60.5923 105.06
180 0 600 0 40.978 114.545
180 0 600 0 21.3637 123.656
180 0 600 0 1.74948 132.391
180 0 600 0 21.3637 140.751
180 0 600 0 40.978 148.737
180 0 600 0 60.5923 156.347
180 0 600 0 80.2065 163.583
180 0 600 0 99.8208 170.443
180 0 600 0 119.435 176.929
180 0 600 0 139.049 183.039
180 0 600 0 158.664 188.775
180 0 600 0 178.278 194.135
180 0 600 0 197.892 199.12
180 0 600 0 217.506 203.731
180 0 600 0 237.121 207.966
180 0 600 0 256.735 211.827
180 0 600 0 276.349 215.312
180 0 600 0 295.963 218.423
180 0 600 0 315.578 221.158
180 0 600 0 335.192 223.519
180 0 600 0 354.806 225.504
180 0 600 0 374.421 227.114
180 0 600 0 394.035 228.35
180 0 600 0 413.649 229.21
180 0 600 0 433.263 229.696
180 0 600 0 452.878 229.806
180 0 600 0 472.492 229.542
180 0 600 0 492.106 228.902
180 0 600 0 511.72 227.888
180 0 600 0 531.335 226.498
180 0 600 0 550.949 224.733
180 0 600 0 570.563 222.594
180 0 600 0 590.178 220.079
180 0 600 0 609.792 217.19
180 0 600 0 629.406 213.925
180 0 600 0 649.02 210.286
180 0 600 0 668.635 206.271
180 0 600 0 688.249 201.882
180 0 600 0 707.863 197.117
180 0 600 0 727.477 191.977
180 0 600 0 747.092 186.463
180 0 600 0 727.477 180.573
180 0 600 0 707.863 174.309
180 0 600 0 688.249 167.669
180 0 600 0 668.635 160.655
180 0 600 0 649.02 153.265
180 0 600 0 629.406 145.501
180 0 600 0 609.792 137.361
180 0 600 0 590.178 128.847
180 0 600 0 570.563 119.957
180 0 600 0 550.949 110.692
180 0 600 0 531.335 101.053
180 0 600 0 511.72 91.0383
180 0 600 0 492.106 80.6487
180 0 600 0 472.492 69.8842
180 0 600 0 452.878 58.7446
180 0 600 0 433.263 47.2301
180 0 600 0 413.649 35.3405
180 0 600 0 394.035 23.076
180 0 600 0 374.421 10.4364
150 75 600 75 600 133.5
150 74 600 74 600 133.125
150 72 600 72 600 132.375
150 69 600 69 600 131.25
150 66 600 66 600 129.75
150 62 600 62 600 127.875
150 57 600 57 600 125.625
150 51 600 51 600 123
150 45 600 45 600 120
150 38 600 38 600 116.625
150 30 600 30 600 112.875
150 21 600 21 600 108.75
150 12 600 12 600 104.25
150 2 600 2 600 99.375
150 0 600 0 600 94.125
150 0 600 0 600 88.5
150 0 600 0 600 82.5
150 0 600 0 600 76.125
150 0 600 0 600 69.375
150 0 600 0 600 62.25
150 0 600 0 600 54.75
150 0 600 0 600 46.875
150 0 600 0 600 56.214
150 0 600 0 600 64.089
150 0 600 0 600 71.589
150 0 600 0 600 78.714
150 0 600 0 600 85.464
150 0 600 0 600 91.839
150 0 600 0 600 97.839
150 0 600 0 600 103.464
150 0 600 0 600 108.714
150 0 600 0 600 113.589
150 0 600 0 600 118.089
150 0 600 0 600 122.214
150 0 600 0 600 125.964
150 0 600 0 600 129.339
150 0 600 0 600 132.339
150 0 600 0 600 134.964
150 0 600 0 600 137.214
150 0 600 0 600 139.089
150 0 600 0 600 140.589
150 0 600 0 600 141.714
150 0 600 0 600 142.464
150 0 600 0 600 142.839
150 0 600 0 600 142.464
150 0 600 0 600 141.714
150 0 600 0 600 140.589
150 0 600 0 600 139.089
150 0 600 0 600 137.214
150 0 600 0 600 134.964
150 0 600 0 600 132.339
150 0 600 0 600 129.339
150 0 600 0 600 125.964
150 0 600 0 600 122.214
150 0 600 0 600 118.089
150 0 600 0 600 113.589
150 0 600 0 600 108.714
150 0 600 0 600 103.464
150 0 600 0 600 97.839
150 0 600 0 600 91.839
150 0 600 0 600 85.464
150 0 600 0 600 78.714
150 0 600 0 600 71.589
150 0 600 0 600 64.089
150 0 600 0 600 56.214
150 0 600 0 600 47.964
150 0 600 0 600 56.214
150 0 600 0 600 64.464
150 0 600 0 600 72.339
150 0 600 0 600 79.839
150 0 600 0 600 86.964
150 0 600 0 600 93.714
150 0 600 0 600 100.089
150 0 600 0 600 106.089
150 0 600 0 600 111.714
150 0 600 0 600 116.964
150 0 600 0 600 121.839
150 0 600 0 600 126.339
150 0 600 0 600 130.464
150 0 600 0 600 134.214
150 0 600 0 600 137.589
150 0 600 0 600 140.589
150 0 600 0 600 143.214
150 0 600 0 600 145.464
150 0 600 0 600 147.339
150 0 600 0 600 148.839
150 0 600 0 600 149.964
150 0 600 0 600 150.714
150 0 600 0 600 151.089
150 0 600 0 600 150.714
150 0 600 0 600 149.964
150 0 600 0 600 148.839
150 0 600 0 600 147.339
150 0 600 0 600 145.464
150 0 600 0 600 143.214
150 0 600 0 600 140.589
150 0 600 0 600 137.589
150 0 600 0 600 134.214
150 0 600 0 600 130.464
150 0 600 0 600 126.339
150 0 600 0 600 121.839
150 0 600 0 600 116.964
150 0 600 0 600 111.714
150 0 600 0 600 106.089
150 0 600 0 600 100.089
150 0 600 0 600 93.714
150 0 600 0 600 86.964
150 0 600 0 600 79.839
150 0 600 0 600 72.339
150 0 600 0 600 64.464
150 0 600 0 600 56.214
150 0 600 0 600 47.589
150 0 600 0 600 56.214
150 0 600 0 600 64.839
150 0 600 0 600 73.089
150 0 600 0 600 80.964
150 0 600 0 600 88.464
150 0 600 0 600 95.589
150 0 600 0 600 102.339
150 0 600 0 600 108.714
150 0 600 0 600 114.714
150 0 600 0 600 120.339
150 0 600 0 600 125.589
150 0 600 0 600 130.464
150 0 600 0 600 134.964
150 0 600 0 600 139.089
150 0 600 0 600 142.839
150 0 600 0 600 146.214
150 0 600 0 600 149.214
150 0 600 0 600 151.839
144 0 600 0 600 154.089
138 0 600 0 600 155.964
132 0 600 0 600 157.464
126 0 600 0 600 158.589
120 0 600 0 600 159.339
114 0 600 0 600 159.714
108 0 600 0 600 159.714
102 0 600 0 600 159.339
102 0 600 0 600 158.589
102 0 600 0 600 157.464
102 0 600 0 600 155.964
108 0 600 0 600 154.089
114 0 600 0 600 151.839
120 0 600 0 600 149.214
126 0 600 0 600 146.214
132 0 600 0 600 142.839
138 0 600 0 600 139.089
144 0 600 0 600 134.964
150 0 600 0 600 130.464
156 0 600 0 600 125.589
162 0 600 0 600 120.339
168 0 600 0 600 114.714
174 0 600 0 600 108.714
180 0 600 0 600 102.339
186 0 600 0 600 95.589
192 0 600 0 600 88.464
198 0 600 0 600 80.964
204 0 600 0 600 73.089
210 0 600 0 600 64.839
216 0 600 0 600 56.214
222 0 600 0 600 47.214
228 0 600 0 600 56.214
234 0 600 0 600 65.214
240 0 600 0 600 73.839
246 0 600 0 600 82.089
252 0 600 0 600 89.964
258 0 600 0 600 97.464
264 0 600 0 600 104.589
270 0 600 0 600 111.339
276 0 600 0 600 117.714
282 0 600 0 600 123.714
288 0 600 0 600 129.339
294 0 600 0 600 134.589
300 0 600 0 600 139.464
306 0 600 0 600 143.964
312 0 600 0 600 148.089
318 0 600 0 600 151.839
324 0 600 0 600 155.214
330 0 600 0 600 158.214
336 0 600 0 600 160.839
342 0 600 0 600 163.089
348 0 600 0 600 164.964
354 0 600 0 600 166.464
360 0 600 0 600 167.589
366 0 600 0 600 168.339
372 0 600 0 600 168.714
378 0 600 0 600 168.714
384 0 600 0 600 168.339
390 0 600 0 600 167.589
396 0 600 0 600 166.464
402 0 600 0 600 164.964
408 0 600 0 600 163.089
414 0 600 0 600 160.839
420 0 600 0 600 158.214
426 0 600 0 600 155.214
432 0 600 0 600 151.839
438 0 600 0 600 148.089
444 0 600 0 600 143.964
450 0 600 0 600 139.464
456 0 600 0 600 134.589
462 0 600 0 600 129.339
468 0 600 0 600 123.714
474 0 600 0 600 117.714
480 0 600 0 600 111.339
486 0 600 0 600 104.589
492 0 600 0 600 97.464
498 10 600 0 600 89.964
504 20 600 0 600 82.089
510 30 600 0 600 73.839
516 40 600 0 600 65.214
522 50 600 0 600 56.214
528 60 600 0 600 56.214
534 69 600 0 600 65.214
540 77 600 0 600 73.839
546 84 600 0 600 82.089
552 91 600 0 600 89.964
558 97 600 0 614.214 97
564 102 600 0 620.214 110.5
570 106 600 0 626.214 123.625
576 110 600 0 632.214 136.375
582 113 600 0 638.214 148.75
588 115 600 0 644.214 160.75
594 116 600 0 650.214 172.375
594 117 600 0 656.214 183.625
594 117 600 0 662.214 194.5
594 116 600 0 668.214 205
594 114 600 0 674.214 215.125
594 112 600 0 680.214 224.875
594 109 600 0 686.214 234.25
594 105 600 0 692.214 243.25
594 100 600 0 698.214 251.875
594 95 600 0 704.214 260.125
594 89 600 0 710.214 268
594 82 600 0 716.214 275.5
594 74 600 0 722.214 282.625
594 66 600 0 728.214 289.375
594 57 600 0 734.214 295.75
594 47 600 0 740.214 301.75
594 36 600 0 734.214 307.375
594 35 600 0 728.214 312.625
594 34 600 0 722.214 317.5
594 33 600 0 716.214 322
594 32 600 0 710.214 326.125
594 31 600 0 704.214 329.875
594 30 600 0 698.214 333.25
594 29 600 0 692.214 336.25
594 28 600 0 686.214 338.875
588 27 600 0 680.214 341.125
582 26 600 0 674.214 343
576 25 600 0 668.214 344.5
570 24 600 0 662.214 345.625
564 23 600 0 656.214 346.375
558 22 600 0 650.214 346.75
552 21 600 0 644.214 346.75
546 20 600 0 638.214 346.375
540 19 600 0 632.214 345.625
540 18 600 0 626.214 344.5
540 17 600 0 620.214 343
540 16 600 0 614.214 341.125
540 15 600 0 608.214 338.875
540 14 600 0 602.214 336.25
540 13 600 0 596.214 333.25
540 12 600 0 590.214 329.875
540 11 600 0 584.214 326.125
540 10 600 0 578.214 322
540 9 600 0 572.214 317.5
540 8 600 0 566.214 312.625
540 7 600 0 560.214 307.375
540 6 600 0 554.214 301.75
540 5 600 0 548.214 295.75
540 4 600 0 542.214 289.375
540 3 600 0 536.214 282.625
540 2 600 0 530.214 275.5
540 1 600 0 524.214 268
540 0 600 0 518.214 260.125
540 0 600 0 512.214 251.875
540 0 600 0 506.214 243.25
540 0 600 0 500.214 234.25
540 0 600 0 494.214 224.875
540 0 600 0 488.214 215.125
540 0 600 0 482.214 205
540 0 600 0 476.214 194.5
540 0 600 0 470.214 183.625
540 0 600 0 464.214 172.375
540 0 600 0 458.214 160.75
540 0 600 0 452.214 148.75
540 0 600 0 446.214 136.375
540 0 600 0 440.214 123.625
540 0 600 0 434.214 110.5
540 0 600 0 428.214 97
540 0 600 0 422.214 83.125
540 0 600 0 416.214 68.875
540 0 600 0 410.214 54.25
540 0 600 0 404.214 39.25
540 0 600 0 398.214 23.875
540 0 600 0 392.214 8.125
150 75 600 75 600 133.5
150 74 600 74 600 133.125
150 72 600 72 600 132.375
150 69 600 69 600 131.25
150 66 600 66 600 129.75
150 62 600 62 600 127.875
150 57 600 57 600 125.625
150 51 600 51 600 123
150 45 600 45 600 120
150 38 600 38 600 116.625
150 30 600 30 600 112.875
150 21 600 21 600 108.75
150 12 600 12 600 104.25
150 2 600 2 600 99.375
150 0 600 0 600 94.125
150 0 600 0 600 88.5
150 0 600 0 600 82.5
150 0 600 0 600 76.125
150 0 600 0 600 69.375
150 0 600 0 600 62.25
150 0 600 0 600 54.75
150 0 600 0 600 46.875
150 0 600 0 600 56.214
150 0 600 0 600 64.089
150 0 600 0 600 71.589
150 0 600 0 600 78.714
150 0 600 0 600 85.464
150 0 600 0 600 91.839
150 0 600 0 600 97.839
150 0 600 0 600 103.464
150 0 600 0 600 108.714
150 0 600 0 600 113.589
150 0 600 0 600 118.089
150 0 600 0 600 122.214
150 0 600 0 600 125.964
150 0 600 0 600 129.339
150 0 600 0 600 132.339
150 0 600 0 600 134.964
150 0 600 0 600 137.214
150 0 600 0 600 139.089
156 0 600 0 600 140.589
162 0 600 0 600 141.714
168 0 600 0 600 142.464
174 0 600 0 600 142.839
180 0 600 0 600 142.839
186 0 600 0 600 142.464
192 0 600 0 600 141.714
198 0 600 0 600 140.589
204 0 600 0 600 139.089
210 0 600 0 600 137.214
216 0 600 0 600 134.964
222 0 600 0 600 132.339
228 0 600 0 600 129.339
234 0 600 0 600 125.964
240 0 600 0 600 122.214
246 0 600 0 600 118.089
252 0 600 0 600 113.589
258 0 600 0 600 108.714
264 0 600 0 600 103.464
270 0 600 0 600 97.839
276 0 600 0 600 91.839
282 0 600 0 600 85.464
288 0 600 0 600 78.714
294 0 600 0 600 71.589
300 0 600 0 600 64.089
306 0 600 0 600 56.214
312 0 600 0 600 47.964
318 0 600 0 600 56.214
324 0 600 0 600 64.464
330 0 600 0 600 72.339
336 0 600 0 600 79.839
342 0 600 0 600 86.964
348 0 600 0 600 93.714
354 0 600 0 600 100.089
360 0 600 0 600 106.089
366 0 600 0 600 111.714
372 0 600 0 600 116.964
378 0 600 0 600 121.839
384 0 600 0 600 126.339
390 0 600 0 600 130.464
396 0 600 0 600 134.214
402 0 600 0 600 137.589
408 0 600 0 600 140.589
414 0 600 0 600 143.214
420 0 600 0 600 145.464
426 0 600 0 600 147.339
432 0 600 0 600 148.839
438 0 600 0 600 149.964
444 0 600 0 600 150.714
450 0 600 0 600 151.089
456 0 600 0 600 151.089
462 0 600 0 600 150.714
468 0 600 0 600 149.964
474 0 600 0 600 148.839
480 0 600 0 600 147.339
486 0 600 0 600 145.464
492 0 600 0 600 143.214
498 0 600 0 600 140.589
504 0 600 0 600 137.589
510 0 600 0 600 134.214
516 0 600 0 600 130.464
522 0 600 0 600 126.339
528 0 600 0 600 121.839
534 0 600 0 600 116.964
540 0 600 0 600 111.714
546 0 600 0 600 106.089
552 0 600 0 600 100.089
558 0 600 0 600 93.714
564 0 600 0 600 86.964
570 10 600 0 600 79.839
576 20 600 0 600 72.339
582 30 600 0 608.302 79.6813
588 40 600 0 620.815 94.6083
594 50 600 0 633.328 109.16
600 60 600 0 645.84 123.337
606 69 600 0 658.353 137.139
612 77 600 0 670.866 150.566
618 84 600 0 683.379 163.618
624 91 600 0 695.892 176.295
630 97 600 0 708.405 188.597
636 102 600 0 720.917 200.524
642 106 600 0 733.43 212.077
648 110 600 0 745.943 223.254
654 113 600 0 733.43 234.056
660 115 600 0 720.917 244.483
666 116 600 0 708.405 254.535
672 117 600 0 695.892 264.212
678 117 600 0 683.379 273.514
678 116 600 0 670.866 282.441
678 114 600 0 658.353 290.993
678 112 600 0 645.84 299.17
678 109 600 0 633.328 306.972
678 105 600 0 620.815 314.399
678 100 600 0 608.302 321.451
678 95 600 0 595.789 328.128
678 89 600 0 583.276 334.43
678 82 600 0 570.763 340.357
678 74 600 0 558.25 345.909
678 66 600 0 545.738 351.086
678 57 600 0 533.225 355.888
672 47 600 0 520.712 360.315
666 36 600 0 508.199 364.367
660 35 600 0 495.686 368.044
654 34 600 0 483.173 371.346
648 33 600 0 470.661 374.273
642 32 600 0 458.148 376.825
636 31 600 0 445.635 379.002
630 30 600 0 433.122 380.804
624 29 600 0 420.609 382.231
618 28 600 0 408.096 383.283
612 27 600 0 395.584 383.96
606 26 600 0 383.071 384.262
600 25 600 0 370.558 384.189
594 24 600 0 358.045 383.741
588 23 600 0 345.532 382.918
588 22 600 0 333.019 381.72
588 21 600 0 320.507 380.147
588 20 600 0 307.994 378.199
588 19 600 0 295.481 375.877
588 18 600 0 282.968 373.179
588 17 600 0 270.455 370.106
588 16 600 0 257.942 366.658
588 15 600 0 245.43 362.835
588 14 600 0 232.917 358.637
588 13 600 0 220.404 354.064
588 12 600 0 207.891 349.116
588 11 600 0 195.378 343.793
582 10 600 0 182.865 338.095
576 9 600 0 170.353 332.022
570 8 600 0 157.84 325.574
564 7 600 0 145.327 318.751
558 6 600 0 132.814 311.553
552 5 600 0 120.301 303.98
546 4 600 0 107.788 296.032
540 3 600 0 95.2755 287.709
534 2 600 0 82.7627 279.011
528 1 600 0 70.2498 269.938
522 0 600 0 57.737 260.49
516 0 600 0 45.2241 250.667
510 0 600 0 32.7113 240.469
510 0 600 0 20.1985 229.896
510 0 600 0 7.68562 218.948
510 0 600 0 20.1985 207.625
510 0 600 0 32.7113 195.927
510 0 600 0 45.2241 183.854
510 0 600 0 57.737 171.406
510 0 600 0 70.2498 158.583
510 0 600 0 82.7627 145.385
510 0 600 0 95.2755 131.812
510 0 600 0 107.788 117.864
510 0 600 0 120.301 103.541
510 0 600 0 132.814 88.8434
510 0 600 0 145.327 73.7704
510 0 600 0 157.84 58.3225
510 0 600 0 170.353 42.4995
510 0 600 0 182.865 26.3015
510 0 600 0 195.378 9.72855
510 0 600 0 195.378 9.35355
