150 0 594 0 150 133.125
150 0 588 0 150 132.375
150 0 582 0 150 131.25
150 0 576 0 150 129.75
150 0 570 0 150 127.875
150 0 564 0 150 125.625
150 0 558 0 150 123
150 0 552 0 150 120
150 0 546 0 150 116.625
150 0 540 0 150 112.875
150 0 534 0 150 108.75
150 0 528 0 150 104.25
150 0 522 0 150 99.375
150 0 516 0 150 94.125
150 0 510 0 150 88.5
150 0 504 0 150 82.5
150 0 498 0 150 76.125
150 0 492 0 150 69.375
150 0 486 0 150 62.25
150 0 486 0 150 54.75
150 0 486 0 150 46.875
150 0 486 0 150 56.214
150 0 486 0 150 64.089
150 0 486 0 150 71.589
150 0 486 0 150 78.714
150 0 486 0 150 85.464
150 0 486 0 150 91.839
150 0 486 0 150 97.839
150 0 486 0 150 103.464
150 0 486 0 150 108.714
150 0 486 0 150 113.589
150 0 486 0 150 118.089
150 0 486 0 150 122.214
150 0 486 0 150 125.964
150 0 486 0 150 129.339
150 0 486 0 150 132.339
150 0 486 0 150 134.964
150 0 486 0 150 137.214
150 0 486 0 150 139.089
150 0 486 0 150 140.589
150 0 486 0 150 141.714
150 0 486 0 150 142.464
150 0 486 0 150 142.839
150 0 486 0 150 142.464
150 0 486 0 150 141.714
150 0 486 0 150 140.589
150 0 486 0 150 139.089
150 0 486 0 150 137.214
150 0 486 0 150 134.964
150 0 486 0 150 132.339
150 0 486 0 150 129.339
150 0 486 0 150 125.964
150 0 486 0 150 122.214
150 0 486 0 150 118.089
150 0 486 0 150 113.589
150 0 486 0 150 108.714
150 0 486 0 150 103.464
150 0 486 0 150 97.839
150 0 486 0 150 91.839
150 0 486 0 150 85.464
150 0 486 0 150 78.714
150 0 486 0 150 71.589
150 0 486 0 150 64.089
150 0 486 0 150 56.214
150 0 486 0 150 47.964
150 0 486 0 150 56.214
150 0 486 0 150 64.464
150 0 486 0 150 72.339
150 0 486 0 150 79.839
150 0 486 0 150 86.964
150 0 486 0 150 93.714
150 0 486 0 150 100.089
150 0 486 0 150 106.089
150 0 486 0 150 111.714
150 0 486 0 150 116.964
150 0 486 0 150 121.839
150 0 486 0 150 126.339
150 0 486 0 150 130.464
150 0 486 0 150 134.214
150 0 486 0 150 137.589
150 0 486 0 150 140.589
150 0 486 0 150 143.214
150 0 486 0 150 145.464
144 0 486 0 150 147.339
138 0 486 0 150 148.839
132 0 486 0 150 149.964
132 0 486 0 150 150.714
132 0 486 0 150 151.089
132 0 486 0 150 150.714
132 0 486 0 150 149.964
132 0 486 0 150 148.839
132 0 486 0 150 147.339
132 0 486 0 150 145.464
132 0 486 0 150 143.214
132 0 486 0 150 140.589
132 0 486 0 150 137.589
132 0 486 0 150 134.214
132 0 486 0 150 130.464
132 0 486 0 150 126.339
132 0 486 0 150 121.839
132 0 486 0 150 116.964
132 0 486 0 150 111.714
132 0 486 0 150 106.089
132 0 486 0 150 100.089
132 10 486 0 150 93.714
132 20 486 0 150 86.964
132 29 486 0 150 79.839
132 37 486 0 157.709 86.9904
132 44 486 0 163.81 99.6029
132 51 492 0 169.911 111.84
132 57 498 0 176.011 123.703
132 62 504 0 182.112 135.19
132 66 510 0 188.213 146.303
132 70 516 0 194.314 157.04
132 73 522 0 200.414 167.403
132 75 528 0 206.515 177.39
132 76 534 0 212.616 187.003
132 77 540 0 218.716 196.24
132 77 546 0 224.817 205.103
132 76 552 0 230.918 213.59
132 74 558 0 237.019 221.703
132 72 564 0 243.119 229.44
132 69 570 0 249.22 236.803
132 65 576 0 255.321 243.79
132 60 582 0 261.421 250.403
132 55 588 0 267.522 256.64
132 49 594 0 273.623 262.503
132 42 588 0 279.724 267.99
132 34 582 0 285.824 273.103
132 26 576 0 291.925 277.84
132 17 570 0 298.026 282.203
132 7 564 0 304.126 286.19
132 0 558 0 310.227 289.803
132 0 552 0 316.328 293.04
132 0 546 0 322.429 295.903
132 0 540 0 328.529 298.39
132 0 546 0 334.63 300.503
132 0 552 0 340.731 302.24
132 0 558 0 346.831 303.603
132 0 564 0 352.932 304.59
132 0 570 0 359.033 305.203
132 0 576 0 365.134 305.44
132 0 582 0 371.234 305.303
132 0 588 0 377.335 304.79
132 0 594 0 383.436 303.903
132 0 600 0 389.536 302.64
132 0 606 0 395.637 301.003
132 0 612 0 401.738 298.99
132 0 606 0 407.838 296.603
132 0 600 0 413.939 293.84
132 0 594 0 420.04 290.703
132 0 588 0 426.141 287.19
132 0 582 0 432.241 283.303
132 0 576 0 438.342 279.04
132 0 570 0 444.443 274.403
132 0 564 0 450.543 269.39
132 0 558 0 456.644 264.003
132 0 552 0 462.745 258.24
132 0 558 0 468.846 252.103
132 0 564 0 474.946 245.59
132 0 570 0 481.047 238.702
132 0 576 0 487.148 231.44
132 0 582 0 493.248 223.802
132 0 588 0 499.349 215.79
132 0 594 0 505.45 207.402
132 0 600 0 511.551 198.64
132 0 606 0 517.651 189.502
132 0 600 0 523.752 179.99
132 0 594 0 529.853 170.102
132 0 588 0 535.953 159.84
132 0 582 0 542.054 149.202
132 0 576 0 548.155 138.19
132 0 570 0 554.256 126.802
132 0 564 10 560.356 115.04
132 0 558 20 566.457 102.902
132 0 552 29 572.558 90.3899
132 0 546 37 578.658 77.5024
132 0 552 44 599.669 73.7934
132 0 558 51 614.917 69.9979
132 0 564 57 630.165 65.8275
132 0 570 62 645.413 61.282
132 0 576 66 660.661 56.3616
132 0 582 70 675.909 51.0661
132 0 588 73 691.157 45.3957
132 0 594 75 706.405 39.3502
132 0 600 76 721.653 32.9298
132 0 606 77 736.901 26.1344
132 0 612 77 752.149 18.9639
132 0 618 76 736.901 11.4185
150 75 600 75 600 133.5
150 74 606 74 600 133.125
150 72 612 72 600 132.375
150 69 618 69 600 131.25
150 66 624 66 600 129.75
150 62 630 62 600 127.875
150 57 636 57 600 125.625
150 51 642 51 600 123
150 45 648 45 600 120
150 38 654 38 600 116.625
150 30 660 30 600 112.875
150 21 666 21 600 108.75
150 12 672 12 600 104.25
150 2 678 2 600 99.375
150 0 684 0 600 94.125
150 0 690 0 600 88.5
150 0 696 0 600 82.5
150 0 702 0 600 76.125
150 0 708 0 600 69.375
150 0 714 10 600 62.25
150 0 720 20 600 54.75
150 0 726 30 600 46.875
150 0 732 40 600 38.625
150 0 738 50 600 30
150 0 744 60 600 21
150 0 750 69 600 11.625
150 75 600 75 600 133.5
150 74 606 85 600 133.125
150 72 612 95 594.658 148.472
150 69 618 104 600.218 158.829
150 66 624 112 605.777 168.812
150 62 630 119 611.337 178.419
150 57 636 126 616.897 187.651
150 51 642 132 622.457 196.508
150 45 648 137 628.017 204.99
150 38 654 141 633.576 213.098
150 30 660 145 639.136 220.83
150 21 666 148 644.696 228.187
150 12 672 150 650.256 235.169
150 2 678 151 655.816 241.777
150 0 684 152 661.375 248.009
150 0 690 152 666.935 253.866
150 0 696 151 672.495 259.348
150 0 702 149 678.055 264.456
150 0 708 147 683.615 269.188
150 0 714 144 689.175 273.545
150 0 720 140 694.734 277.527
150 0 726 135 700.294 281.135
150 0 732 130 705.854 284.367
150 0 738 124 711.414 287.224
150 0 744 117 716.974 289.706
150 0 750 109 722.533 291.813
150 0 756 101 728.093 293.546
150 0 762 92 733.653 294.903
150 0 768 82 739.213 295.885
150 0 774 71 733.653 296.492
150 0 780 60 728.093 296.725
150 0 786 48 722.533 296.582
150 0 792 35 716.974 296.064
150 0 798 45 711.414 295.171
150 0 804 55 705.854 293.904
150 0 810 64 700.294 292.261
150 0 816 72 694.734 290.243
150 0 822 79 689.175 287.85
150 0 828 86 683.615 285.083
150 0 834 92 678.055 281.94
150 0 840 97 672.495 278.422
150 0 846 101 666.935 274.529
150 0 852 105 661.375 270.262
150 0 858 108 655.816 265.619
150 0 864 110 650.256 260.601
150 0 870 111 644.696 255.208
150 0 876 112 639.136 249.44
150 0 882 112 633.576 243.298
150 0 888 111 628.017 236.78
150 0 894 109 622.457 229.887
150 0 900 107 616.897 222.619
150 0 906 104 611.337 214.977
150 0 912 100 605.777 206.959
150 0 918 95 600.218 198.566
150 0 924 90 594.658 189.798
150 0 930 84 589.098 180.656
150 0 936 77 583.538 171.138
150 0 942 69 577.978 161.245
150 0 948 61 572.418 150.977
150 0 954 52 566.859 140.335
150 0 960 42 561.299 129.317
150 0 966 31 555.739 117.924
150 0 972 41 550.179 106.156
150 0 978 51 544.619 94.0135
150 0 984 60 539.06 81.4958
150 0 990 68 533.5 68.603
150 0 996 75 527.94 55.3352
150 0 1002 82 522.38 41.6925
150 0 1008 88 516.82 27.6747
150 0 1014 93 511.26 13.2819
150 0 1020 97 505.701 -1.48583
150 75 600 75 600 133.5
150 74 606 74 600 133.125
150 72 612 72 600 132.375
150 69 618 69 600 131.25
150 66 624 66 600 129.75
150 62 630 62 600 127.875
150 57 636 57 600 125.625
150 51 642 51 600 123
150 45 648 45 600 120
150 38 654 38 600 116.625
150 30 660 30 600 112.875
150 21 666 21 600 108.75
150 12 672 12 600 104.25
150 2 678 2 600 99.375
150 0 684 0 600 94.125
150 0 690 0 600 88.5
150 0 696 0 600 82.5
150 0 702 0 600 76.125
150 0 708 0 600 69.375
150 0 714 10 600 62.25
150 0 720 20 600 54.75
150 0 726 30 600 46.875
150 0 732 40 600 38.625
150 0 738 50 600 30
150 0 744 60 600 21
150 0 750 69 600 11.625
150 75 600 75 600 133.5
150 74 594 85 600 133.125
150 72 588 95 605.342 148.472
150 69 582 104 599.782 158.829
150 66 576 112 594.223 168.812
150 62 570 119 588.663 178.419
150 57 564 126 583.103 187.651
150 51 558 132 577.543 196.508
150 45 552 137 571.983 204.99
150 38 546 141 566.424 213.098
150 30 540 145 560.864 220.83
150 21 534 148 555.304 228.187
150 12 528 150 549.744 235.169
150 2 522 151 544.184 241.777
150 0 516 152 538.625 248.009
150 0 510 152 533.065 253.866
150 0 504 151 527.505 259.348
150 0 498 149 521.945 264.456
150 0 492 147 516.385 269.188
150 0 486 144 510.825 273.545
150 0 480 140 505.266 277.527
150 0 474 135 499.706 281.135
150 0 468 130 494.146 284.367
150 0 462 124 488.586 287.224
150 0 456 117 483.026 289.706
150 0 450 109 477.467 291.813
150 0 444 101 471.907 293.546
150 0 438 92 466.347 294.903
150 0 432 82 460.787 295.885
150 0 426 71 455.227 296.492
150 0 420 60 449.667 296.725
150 0 414 48 444.108 296.582
150 0 408 35 438.548 296.064
150 0 402 45 432.988 295.171
150 0 396 55 427.428 293.904
150 0 390 64 421.868 292.261
150 0 384 72 416.309 290.243
150 0 378 79 410.749 287.85
150 0 372 86 405.189 285.083
150 0 366 92 399.629 281.94
150 0 360 97 394.069 278.422
150 0 354 101 388.51 274.529
150 0 348 105 382.95 270.262
150 0 342 108 377.39 265.619
150 0 336 110 371.83 260.601
150 0 330 111 366.27 255.208
150 0 336 112 360.71 249.44
150 0 342 112 355.151 243.298
150 0 348 111 349.591 236.78
150 0 354 109 344.031 229.887
150 0 360 107 338.471 222.619
150 0 366 104 332.911 214.977
156 0 372 100 327.352 206.959
162 0 378 95 321.792 198.566
162 0 384 90 316.232 189.798
168 0 390 84 310.672 180.656
174 0 396 77 305.112 171.138
180 0 402 69 299.552 161.245
186 0 408 61 293.993 150.977
192 0 414 52 288.433 140.335
198 0 420 42 282.873 129.317
204 0 426 31 277.313 117.924
204 0 432 20 271.753 106.156
204 0 438 8 266.194 94.0135
204 0 444 0 260.634 81.4958
204 0 450 10 255.074 68.603
204 0 456 20 249.514 55.3352
204 0 462 29 243.954 41.6925
204 0 468 37 248.022 34.9585
204 0 462 44 262.935 36.8234
204 0 456 51 277.847 38.3133
204 0 450 57 292.76 39.4282
204 0 444 62 307.673 40.1681
204 0 438 66 322.586 40.533
204 0 432 70 337.499 40.523
204 0 426 73 352.411 40.1379
204 0 420 75 367.324 39.3778
204 0 414 76 367.324 38.2427
204 0 408 77 367.324 36.7326
204 0 402 77 367.324 34.8475
204 0 396 76 367.324 32.5874
204 0 390 74 367.324 29.9523
204 0 384 72 367.324 26.9423
204 0 378 69 364.926 14.3275
204 0 372 65 364.926 14.3463
204 0 366 60 363.61 3.83683
150 75 600 75 150 133.5
150 74 594 74 150 133.125
150 72 588 72 150 132.375
150 69 582 69 150 131.25
150 66 576 66 150 129.75
150 62 570 62 150 127.875
150 57 564 57 150 125.625
150 51 558 51 150 123
150 45 552 45 150 120
150 38 546 38 150 116.625
150 30 540 30 150 112.875
150 21 534 21 150 108.75
150 12 528 12 150 104.25
150 2 522 2 150 99.375
150 0 516 0 150 94.125
150 0 510 0 150 88.5
150 0 504 0 150 82.5
150 0 498 0 150 76.125
150 0 492 0 150 69.375
150 0 486 0 150 62.25
150 0 486 0 150 54.75
150 0 486 0 150 46.875
150 0 486 0 150 56.214
150 0 486 0 150 64.089
150 0 486 0 150 71.589
150 0 486 0 150 78.714
150 0 486 0 150 85.464
150 0 486 0 150 91.839
150 0 486 0 150 97.839
150 0 486 0 150 103.464
150 0 486 0 150 108.714
150 0 486 0 150 113.589
150 0 486 0 150 118.089
150 0 486 0 150 122.214
150 0 486 0 150 125.964
150 0 486 0 150 129.339
150 0 486 0 150 132.339
150 0 486 0 150 134.964
150 0 486 0 150 137.214
150 0 486 0 150 139.089
144 0 486 0 150 140.589
138 0 486 0 150 141.714
132 0 486 0 150 142.464
132 0 486 0 150 142.839
132 0 486 0 150 142.464
132 0 486 0 150 141.714
132 0 486 0 150 140.589
132 0 486 0 150 139.089
132 0 486 0 150 137.214
132 0 486 0 150 134.964
132 0 486 0 150 132.339
132 0 486 0 150 129.339
132 0 486 0 150 125.964
132 0 486 0 150 122.214
132 0 486 0 150 118.089
132 0 486 0 150 113.589
132 10 486 0 150 108.714
132 20 486 0 150 103.464
132 29 486 0 150 97.839
132 37 486 0 150 91.839
132 44 486 0 154.597 95.472
132 51 480 0 159.29 107.287
132 57 474 0 163.984 118.726
132 62 468 0 168.677 129.791
132 66 462 0 173.37 140.481
132 70 456 0 178.063 150.795
132 73 450 0 182.756 160.735
132 75 444 0 187.449 170.3
132 76 438 0 192.142 179.489
132 77 432 0 196.835 188.304
132 77 426 0 201.528 196.744
132 76 432 0 206.221 204.808
132 74 438 0 210.914 212.498
132 72 444 0 215.607 219.812
132 69 450 0 220.3 226.752
132 65 456 0 224.993 233.317
132 60 462 0 229.686 239.506
132 55 468 0 234.379 245.321
132 49 474 0 239.072 250.761
132 42 480 0 243.765 255.825
132 34 486 0 248.458 260.515
132 26 480 0 253.151 264.83
132 17 474 0 257.844 268.769
132 7 468 0 262.537 272.334
132 0 462 0 267.23 275.524
132 0 456 0 271.923 278.338
132 0 450 0 276.616 280.778
132 0 444 0 281.309 282.843
132 0 438 0 286.002 284.532
132 0 432 0 290.695 285.847
132 0 426 0 295.388 286.787
132 0 420 0 300.081 287.351
132 0 426 0 304.774 287.541
132 0 432 0 309.467 287.355
132 0 438 0 314.16 286.795
132 0 444 0 318.853 285.86
132 0 450 0 323.546 284.549
132 0 456 0 328.239 282.864
132 0 462 0 332.932 280.804
132 0 468 0 337.625 278.368
132 0 474 0 342.318 275.558
132 0 480 0 347.011 272.373
132 0 486 0 351.704 268.812
132 0 492 0 356.397 264.877
132 0 486 0 361.09 260.567
132 0 480 0 365.783 255.881
132 0 474 0 370.476 250.821
132 0 468 0 375.169 245.386
132 0 462 0 379.862 239.575
132 0 456 0 384.555 233.39
132 0 450 0 389.248 226.83
132 0 444 0 393.941 219.894
132 0 438 0 398.634 212.584
132 0 432 0 403.327 204.899
132 0 438 0 408.02 196.838
132 0 444 0 412.713 188.403
132 0 450 0 417.406 179.592
132 0 456 0 422.099 170.407
132 0 462 0 426.792 160.847
132 0 468 0 431.485 150.911
132 0 474 0 436.179 140.601
132 0 480 0 440.872 129.916
132 0 486 0 445.565 118.855
132 0 480 0 450.258 107.42
132 0 474 0 454.951 95.6097
132 0 468 10 459.644 83.4243
132 0 462 20 464.337 70.864
132 0 456 29 479.672 79.9866
132 0 450 37 486.582 93.7492
132 0 456 44 493.492 107.137
132 0 462 51 500.402 120.149
132 0 468 57 507.312 132.787
132 0 474 62 514.222 145.049
132 0 480 66 521.132 156.937
132 0 486 70 528.042 168.45
132 0 492 73 534.952 179.587
132 0 498 75 541.862 190.35
132 0 504 76 548.771 200.737
132 0 510 77 555.681 210.75
132 0 516 77 562.591 220.387
132 0 522 76 569.501 229.65
132 0 528 74 576.411 238.537
132 0 534 72 583.321 247.05
132 0 540 69 590.231 255.188
132 0 546 65 597.141 262.95
132 0 552 60 604.051 270.338
132 0 558 55 610.961 277.35
132 0 564 49 617.87 283.988
132 0 570 42 624.78 290.25
132 0 576 34 631.69 296.138
132 0 582 26 638.6 301.651
132 0 588 17 645.51 306.788
132 0 594 7 652.42 311.551
132 0 600 0 659.33 315.938
132 0 606 10 666.24 319.951
132 0 612 20 673.15 323.588
132 0 618 29 680.06 326.851
132 0 624 37 686.97 329.739
132 0 630 44 693.879 332.251
132 0 636 51 700.789 334.389
132 0 642 57 707.699 336.151
132 0 648 62 714.609 337.539
132 0 654 66 721.519 338.551
132 0 660 70 728.429 339.189
132 0 666 73 735.339 339.451
132 0 672 75 742.249 339.339
132 0 678 76 735.339 338.852
132 0 684 77 728.429 337.989
132 0 690 77 721.519 336.752
132 0 696 76 714.609 335.139
132 0 702 74 707.699 333.152
132 0 708 72 700.789 330.789
132 0 714 69 693.879 328.052
132 0 720 65 686.97 324.94
132 0 726 60 680.06 321.452
132 0 732 55 673.15 317.59
132 0 738 49 666.24 313.352
132 0 744 42 659.33 308.74
132 0 750 34 652.42 303.752
132 0 756 44 645.51 298.39
132 0 762 54 638.6 292.652
132 0 768 63 631.69 286.54
132 0 774 71 624.78 280.053
132 0 780 78 617.87 273.19
132 0 786 85 610.961 265.953
132 0 792 91 604.051 258.34
132 0 798 96 597.141 250.353
132 0 804 100 590.231 241.99
132 0 810 104 583.321 233.253
132 0 816 107 576.411 224.141
132 0 822 109 569.501 214.653
132 0 828 110 562.591 204.791
132 0 834 111 555.681 194.553
132 0 840 111 548.771 183.941
132 0 846 110 541.862 172.953
132 0 852 108 534.952 161.591
132 0 858 106 528.042 149.853
132 0 864 103 521.132 137.741
132 0 870 99 514.222 125.254
132 0 876 94 507.312 112.391
132 0 882 89 500.402 99.1537
132 0 888 83 493.492 85.5413
132 0 894 76 486.582 71.5539
132 0 900 68 479.672 57.1914
132 0 906 60 472.762 42.454
132 0 912 51 465.853 27.3416
132 0 918 41 458.943 11.8541
150 75 600 75 600 133.5
150 74 606 74 600 133.125
150 72 612 72 600 132.375
150 69 618 69 600 131.25
150 66 624 66 600 129.75
150 62 630 62 600 127.875
150 57 636 57 600 125.625
150 51 642 51 600 123
150 45 648 45 600 120
150 38 654 38 600 116.625
150 30 660 30 600 112.875
150 21 666 21 600 108.75
150 12 672 12 600 104.25
150 2 678 2 600 99.375
150 0 684 0 600 94.125
150 0 690 0 600 88.5
150 0 696 0 600 82.5
150 0 702 0 600 76.125
150 0 708 0 600 69.375
150 0 714 10 600 62.25
150 0 720 20 600 54.75
150 0 726 30 600 46.875
150 0 732 40 600 38.625
150 0 738 50 600 30
150 0 744 60 600 21
150 0 750 69 600 11.625
150 75 600 75 600 133.5
150 74 606 85 600 133.125
150 72 612 95 594.658 148.472
150 69 618 104 600.218 158.829
150 66 624 112 605.777 168.812
150 62 630 119 611.337 178.419
150 57 636 126 616.897 187.651
150 51 642 132 622.457 196.508
150 45 648 137 628.017 204.99
150 38 654 141 633.576 213.098
150 30 660 145 639.136 220.83
150 21 666 148 644.696 228.187
150 12 672 150 650.256 235.169
150 2 678 151 655.816 241.777
150 0 684 152 661.375 248.009
150 0 690 152 666.935 253.866
150 0 696 151 672.495 259.348
150 0 702 149 678.055 264.456
150 0 708 147 683.615 269.188
150 0 714 144 689.175 273.545
150 0 720 140 694.734 277.527
150 0 726 135 700.294 281.135
150 0 732 130 705.854 284.367
150 0 738 124 711.414 287.224
150 0 744 117 716.974 289.706
150 0 750 109 722.533 291.813
150 0 756 101 728.093 293.546
150 0 762 92 733.653 294.903
150 0 768 82 739.213 295.885
150 0 774 71 733.653 296.492
150 0 780 60 728.093 296.725
150 0 786 48 722.533 296.582
150 0 792 35 716.974 296.064
150 0 798 45 711.414 295.171
150 0 804 55 705.854 293.904
150 0 810 64 700.294 292.261
150 0 816 72 694.734 290.243
150 0 822 79 689.175 287.85
150 0 828 86 683.615 285.083
150 0 834 92 678.055 281.94
150 0 840 97 672.495 278.422
150 0 846 101 666.935 274.529
150 0 852 105 661.375 270.262
150 0 858 108 655.816 265.619
150 0 864 110 650.256 260.601
150 0 870 111 644.696 255.208
150 0 876 112 639.136 249.44
150 0 882 112 633.576 243.298
150 0 888 111 628.017 236.78
150 0 894 109 622.457 229.887
150 0 900 107 616.897 222.619
150 0 906 104 611.337 214.977
150 0 912 100 605.777 206.959
150 0 918 95 600.218 198.566
150 0 924 90 594.658 189.798
150 0 930 84 589.098 180.656
150 0 936 77 583.538 171.138
150 0 942 69 577.978 161.245
150 0 948 61 572.418 150.977
150 0 954 52 566.859 140.335
150 0 960 42 561.299 129.317
150 0 966 31 555.739 117.924
150 0 972 41 550.179 106.156
150 0 978 51 544.619 94.0135
150 0 984 60 539.06 81.4958
150 0 990 68 533.5 68.603
150 0 996 75 527.94 55.3352
150 0 1002 82 522.38 41.6925
150 0 1008 88 516.82 27.6747
150 0 1014 93 511.26 13.2819
150 0 1020 97 505.701 -1.48583
