150 0 600 0 150 133.125
150 0 600 0 150 132.375
150 0 600 0 150 131.25
150 0 600 0 150 129.75
150 0 600 0 150 127.875
150 0 600 0 150 125.625
150 0 600 0 150 123
150 0 600 0 150 120
150 0 600 0 150 116.625
150 0 600 0 150 112.875
150 0 600 0 150 108.75
150 0 600 0 150 104.25
150 0 600 0 150 99.375
150 0 600 0 150 94.125
150 0 600 0 150 88.5
150 0 600 0 150 82.5
150 0 600 0 150 76.125
150 0 600 0 150 69.375
150 0 600 0 150 62.25
150 0 600 0 150 54.75
150 0 600 0 150 46.875
150 0 600 0 150 56.214
150 0 600 0 150 64.089
150 0 600 0 150 71.589
150 0 600 0 150 78.714
150 0 600 0 150 85.464
150 0 600 0 150 91.839
150 0 600 0 150 97.839
150 0 600 0 150 103.464
150 0 600 0 150 108.714
150 0 600 0 150 113.589
150 0 600 0 150 118.089
150 0 600 0 150 122.214
150 0 600 0 150 125.964
150 0 600 0 150 129.339
150 0 600 0 150 132.339
150 0 600 0 150 134.964
150 0 600 0 150 137.214
150 0 600 0 150 139.089
150 0 600 0 150 140.589
150 0 600 0 150 141.714
150 0 600 0 150 142.464
150 0 600 0 150 142.839
150 0 600 0 150 142.464
150 0 600 0 150 141.714
150 0 600 0 150 140.589
150 0 600 0 150 139.089
150 0 600 0 150 137.214
150 0 600 0 150 134.964
150 0 600 0 150 132.339
150 0 600 0 150 129.339
150 0 600 0 150 125.964
150 0 600 0 150 122.214
150 0 600 0 150 118.089
150 0 600 0 150 113.589
150 0 600 0 150 108.714
150 0 600 0 150 103.464
150 0 600 0 150 97.839
150 0 600 0 150 91.839
150 0 600 0 150 85.464
150 0 600 0 150 78.714
150 0 600 0 150 71.589
150 0 600 0 150 64.089
150 0 600 0 150 56.214
150 0 600 0 150 47.964
150 0 600 0 150 56.214
150 0 600 0 150 64.464
150 0 600 0 150 72.339
150 0 600 0 150 79.839
150 0 600 0 150 86.964
150 0 600 0 150 93.714
150 0 600 0 150 100.089
150 0 600 0 150 106.089
150 0 600 0 150 111.714
150 0 600 0 150 116.964
150 0 600 0 150 121.839
150 0 600 0 150 126.339
150 0 600 0 150 130.464
150 0 600 0 150 134.214
150 0 600 0 150 137.589
150 0 600 0 150 140.589
150 0 600 0 150 143.214
150 0 600 0 150 145.464
150 0 600 0 150 147.339
150 0 600 0 150 148.839
150 0 600 0 150 149.964
150 0 600 0 150 150.714
150 0 600 0 150 151.089
150 0 600 0 150 150.714
150 0 600 0 150 149.964
150 0 600 0 150 148.839
150 0 600 0 150 147.339
150 0 600 0 150 145.464
150 0 600 0 150 143.214
150 0 600 0 150 140.589
150 0 600 0 150 137.589
144 0 600 0 150 134.214
138 0 600 0 150 130.464
132 0 600 0 150 126.339
132 0 600 0 150 121.839
132 0 600 0 150 116.964
132 0 600 0 150 111.714
132 0 600 0 150 106.089
132 0 600 0 150 100.089
132 0 600 0 150 93.714
132 0 600 0 150 86.964
132 10 600 0 150 79.839
132 20 600 0 150 72.339
132 29 600 0 157.709 78.9904
132 37 600 0 164.115 92.571
132 44 600 0 170.521 105.777
132 51 600 0 176.927 118.607
132 57 600 0 183.332 131.063
132 62 600 0 189.738 143.144
132 66 606 0 196.144 154.849
132 70 612 0 202.55 166.18
132 73 618 0 208.955 177.135
132 75 624 0 215.361 187.716
132 76 630 0 221.767 197.922
132 77 636 0 228.173 207.752
132 77 630 0 234.578 217.208
132 76 624 0 240.984 226.288
132 74 618 0 247.39 234.994
132 72 612 0 253.796 243.325
132 69 606 0 260.201 251.28
132 65 600 0 266.607 258.861
132 60 594 0 273.013 266.067
132 55 600 0 279.419 272.897
132 49 606 0 285.824 279.353
132 42 612 0 292.23 285.433
132 34 618 0 298.636 291.139
132 26 624 0 305.042 296.47
132 17 630 0 311.447 301.425
132 7 636 0 317.853 306.006
132 0 642 0 324.259 310.211
132 0 648 0 330.664 314.042
132 0 642 0 337.07 317.498
132 0 636 0 343.476 320.578
132 0 630 0 349.882 323.284
132 0 624 0 356.287 325.615
132 0 618 0 362.693 327.57
132 0 612 0 369.099 329.151
132 0 606 0 375.505 330.356
132 0 600 0 381.91 331.187
132 0 594 0 388.316 331.643
132 0 588 0 394.722 331.723
132 0 594 0 401.128 331.429
132 0 600 0 407.533 330.759
132 0 606 0 413.939 329.715
132 0 612 0 420.345 328.296
132 0 618 0 426.751 326.501
132 0 624 0 433.156 324.332
132 0 630 0 439.562 321.788
132 0 636 0 445.968 318.868
132 0 642 0 452.374 315.574
132 0 648 0 458.779 311.904
132 0 654 0 465.185 307.86
132 0 648 0 471.591 303.441
132 0 642 0 477.997 298.646
132 0 636 0 484.402 293.477
132 0 630 0 490.808 287.932
132 0 624 0 497.214 282.013
132 0 618 0 503.62 275.719
132 0 612 0 510.025 269.049
132 0 606 0 516.431 262.005
132 0 600 0 522.837 254.586
132 0 606 0 529.243 246.791
132 0 612 0 535.648 238.622
132 0 618 0 542.054 230.077
132 0 624 0 548.46 221.158
132 0 630 0 554.866 211.864
132 0 636 0 561.271 202.194
132 0 642 0 567.677 192.15
132 0 648 0 574.083 181.73
132 0 654 0 580.489 170.936
132 0 648 0 586.894 159.767
132 0 642 0 593.3 148.222
132 0 636 10 599.706 136.303
132 0 630 20 606.112 124.009
132 0 624 29 612.517 111.339
132 0 618 37 618.923 98.2948
132 0 612 44 629.375 97.4614
132 0 606 51 636.446 112.051
132 0 612 57 643.517 126.265
132 0 618 62 650.588 140.105
132 0 624 66 657.659 153.569
132 0 630 70 664.73 166.658
132 0 636 73 671.802 179.373
132 0 642 75 678.873 191.712
132 0 648 76 685.944 203.677
132 0 654 77 693.015 215.266
132 0 660 77 700.086 226.481
132 0 666 76 707.157 237.32
132 0 672 74 714.228 247.784
132 0 678 72 721.299 257.874
132 0 684 69 728.37 267.588
132 0 690 65 735.442 276.928
132 0 696 60 742.513 285.892
132 0 690 55 735.442 294.481
132 0 684 49 728.37 302.696
132 0 678 42 721.299 310.535
132 0 672 34 714.228 318
132 0 666 26 707.157 325.089
132 0 660 17 700.086 331.803
132 0 654 7 693.015 338.143
132 0 648 0 685.944 344.107
132 0 642 10 678.873 349.697
132 0 636 20 671.802 354.911
132 0 630 29 664.73 359.75
132 0 624 37 657.659 364.215
132 0 618 44 650.588 368.304
132 0 612 51 643.517 372.019
132 0 606 57 636.446 375.358
132 0 606 62 629.375 378.322
132 0 606 66 622.304 380.912
132 0 606 70 615.233 383.126
132 0 606 73 608.162 384.966
132 0 606 75 601.091 386.43
132 0 606 76 594.019 387.52
132 0 606 77 586.948 388.234
132 0 606 77 579.877 388.573
132 0 606 76 572.806 388.538
132 0 606 74 565.735 388.127
132 0 606 72 558.664 387.342
132 0 606 69 551.593 386.181
132 0 606 65 544.522 384.645
132 0 606 60 537.451 382.735
132 0 606 55 530.38 380.449
132 0 606 49 523.308 377.789
132 0 606 42 516.237 374.753
132 0 606 34 509.166 371.342
132 0 606 26 502.095 367.557
132 0 606 17 495.024 363.396
132 0 606 7 487.953 358.861
132 0 606 0 480.882 353.95
132 0 606 0 473.811 348.664
132 0 606 0 466.74 343.004
132 0 606 0 459.668 336.968
132 0 606 0 452.597 330.558
132 0 606 0 445.526 323.772
132 0 606 0 438.455 316.611
132 0 606 0 431.384 309.076
132 0 606 0 424.313 301.165
132 0 606 0 417.242 292.88
132 0 606 0 410.171 284.219
132 0 606 0 403.1 275.184
132 0 606 0 396.029 265.773
132 0 606 0 388.957 255.987
132 0 606 0 381.886 245.827
132 0 606 0 374.815 235.291
132 0 606 0 367.744 224.381
132 0 606 0 360.673 213.095
132 0 606 0 353.602 201.434
132 0 606 0 346.531 189.399
132 0 606 0 339.46 176.988
132 0 606 0 332.389 164.203
132 0 606 0 325.318 151.042
132 0 606 0 318.246 137.506
132 0 606 0 311.175 123.596
132 0 606 0 304.104 109.31
132 0 606 0 297.033 94.6496
132 0 606 0 289.962 79.614
132 0 606 0 282.891 64.2035
132 0 606 0 275.82 48.4179
132 0 606 0 268.749 32.2573
132 0 606 0 261.678 15.7217
132 0 606 0 254.607 -1.18891
150 75 600 75 150 133.5
150 74 600 74 150 133.125
150 72 600 72 150 132.375
150 69 600 69 150 131.25
150 66 600 66 150 129.75
150 62 600 62 150 127.875
150 57 600 57 150 125.625
150 51 600 51 150 123
150 45 600 45 150 120
150 38 600 38 150 116.625
150 30 600 30 150 112.875
150 21 600 21 150 108.75
150 12 600 12 150 104.25
150 2 600 2 150 99.375
150 0 600 0 150 94.125
150 0 600 0 150 88.5
150 0 600 0 150 82.5
150 0 600 0 150 76.125
150 0 600 0 150 69.375
150 0 600 0 150 62.25
150 0 600 0 150 54.75
150 0 600 0 150 46.875
150 0 600 0 150 56.214
150 0 600 0 150 64.089
150 0 600 0 150 71.589
150 0 600 0 150 78.714
150 0 600 0 150 85.464
150 0 600 0 150 91.839
150 0 600 0 150 97.839
150 0 600 0 150 103.464
150 0 600 0 150 108.714
150 0 600 0 150 113.589
150 0 600 0 150 118.089
150 0 600 0 150 122.214
150 0 600 0 150 125.964
150 0 600 0 150 129.339
144 0 600 0 150 132.339
138 0 600 0 150 134.964
132 0 600 0 150 137.214
126 0 600 0 150 139.089
126 0 600 0 150 140.589
126 0 600 0 150 141.714
126 0 600 0 150 142.464
126 0 600 0 150 142.839
126 0 600 0 150 142.464
126 0 600 0 150 141.714
126 0 600 0 150 140.589
126 0 600 0 150 139.089
126 0 600 0 150 137.214
126 0 600 0 150 134.964
126 0 600 0 150 132.339
126 0 600 0 150 129.339
126 0 600 0 150 125.964
126 0 600 0 150 122.214
126 0 600 0 150 118.089
126 0 600 0 150 113.589
126 0 600 0 150 108.714
126 0 600 0 150 103.464
126 0 600 0 150 97.839
126 0 600 0 150 91.839
126 0 600 0 150 85.464
126 10 600 0 150 78.714
126 20 600 0 150 71.589
126 29 600 0 157.791 75.3613
126 37 600 0 164.787 87.064
126 44 600 0 171.783 98.3916
126 51 600 0 178.779 109.344
126 57 594 0 185.775 119.922
126 62 588 0 192.771 130.125
126 66 582 0 199.767 139.952
126 70 576 0 206.763 149.405
126 73 570 0 213.76 158.483
126 75 576 0 220.756 167.185
126 76 582 0 227.752 175.513
126 77 588 0 234.748 183.466
126 77 594 0 241.744 191.043
126 76 600 0 248.74 198.246
126 74 606 0 255.736 205.074
126 72 600 0 262.732 211.526
126 69 594 0 269.728 217.604
126 65 588 0 276.725 223.307
126 60 582 0 283.721 228.634
126 55 576 0 290.717 233.587
126 49 570 0 297.713 238.165
126 42 564 0 304.709 242.367
126 34 570 0 311.705 246.195
126 26 576 0 318.701 249.648
126 17 582 0 325.697 252.725
126 7 588 0 332.693 255.428
126 0 594 0 339.69 257.756
126 0 600 0 346.686 259.708
126 0 606 0 353.682 261.286
126 0 612 0 360.678 262.489
126 0 618 0 367.674 263.316
126 0 612 0 374.67 263.769
126 0 606 0 381.666 263.847
126 0 600 0 388.662 263.549
126 0 594 0 395.658 262.877
126 0 588 0 402.655 261.83
126 0 582 0 409.651 260.407
126 0 576 0 416.647 258.61
126 0 582 0 423.643 256.438
126 0 588 0 430.639 253.89
126 0 594 0 437.635 250.968
126 0 600 0 444.631 247.671
126 0 606 0 451.627 243.998
126 0 612 0 458.623 239.951
126 0 618 0 465.62 235.529
126 0 624 0 472.616 230.731
126 0 630 0 479.612 225.559
126 0 624 0 486.608 220.012
126 0 618 0 493.604 214.089
126 0 612 0 500.6 207.792
126 0 606 0 507.596 201.12
126 0 600 0 514.592 194.072
126 0 594 0 521.589 186.65
126 0 588 0 528.585 178.853
126 0 582 0 535.581 170.68
126 0 576 0 542.577 162.133
126 0 570 0 549.573 153.211
126 0 576 0 556.569 143.913
126 0 582 10 563.565 134.241
126 0 588 20 570.561 124.194
126 0 594 29 577.557 113.771
126 0 600 37 584.554 102.974
126 0 606 44 591.55 91.8015
126 0 612 51 587.561 101.624
126 0 618 57 588.871 121.034
126 0 612 62 590.18 140.069
126 0 606 66 591.49 158.73
126 0 600 70 592.799 177.015
126 0 594 73 594.109 194.926
126 0 588 75 595.419 212.461
126 0 582 76 596.728 229.622
126 0 576 77 598.038 246.407
126 0 570 77 599.347 262.818
126 0 576 76 600.657 278.853
126 0 582 74 601.967 294.513
126 0 588 72 603.276 309.799
126 0 594 69 604.586 324.709
126 0 600 65 605.895 339.245
126 0 606 60 607.205 353.405
126 0 612 55 608.515 367.191
126 0 618 49 609.824 380.601
126 0 624 42 611.134 393.637
126 0 630 34 612.443 406.297
126 0 636 26 613.753 418.582
126 0 642 17 615.063 430.493
126 0 636 7 616.372 442.028
126 0 630 0 617.682 453.189
126 0 636 10 618.991 463.974
126 0 642 20 620.301 474.385
126 0 648 29 621.611 484.42
126 0 642 37 622.92 494.08
126 0 636 44 624.23 503.366
126 0 630 51 625.539 512.276
126 0 624 57 626.849 520.812
126 0 618 62 628.159 528.972
126 0 612 66 629.468 536.758
126 0 606 70 630.778 544.168
126 0 600 73 632.087 551.204
126 0 606 75 633.397 557.864
126 0 612 76 634.707 564.149
126 0 618 77 636.016 570.06
126 0 624 77 637.326 575.595
126 0 630 76 638.635 580.756
126 0 636 74 639.945 585.541
126 0 642 72 641.255 589.952
126 0 648 69 642.564 593.987
126 0 654 65 643.874 597.647
126 0 660 60 645.184 600.933
126 0 666 55 646.493 603.843
126 0 672 49 647.803 606.379
126 0 678 42 649.112 608.539
126 0 684 34 650.422 610.325
126 0 690 26 651.732 611.735
126 0 696 17 653.041 612.771
126 0 702 7 654.351 613.431
126 0 708 0 655.66 613.716
126 0 714 10 656.97 613.627
126 0 720 20 658.28 613.162
126 0 726 30 659.589 612.323
126 0 732 40 660.899 611.108
126 0 738 50 662.208 609.519
126 0 744 60 663.518 607.554
126 0 750 69 664.828 605.214
126 0 756 77 666.137 602.5
126 0 762 84 667.447 599.41
126 0 768 91 668.756 595.946
126 0 774 97 670.066 592.106
126 0 780 102 671.376 587.892
126 0 786 106 672.685 583.302
126 0 792 110 673.995 578.338
126 0 798 113 675.304 572.998
126 0 804 115 676.614 567.283
126 0 810 116 677.924 561.194
126 0 816 117 679.233 554.729
126 0 822 117 680.543 547.89
126 0 828 116 681.852 540.675
126 0 834 114 683.162 533.086
126 0 840 112 684.472 525.121
126 0 846 109 685.781 516.782
126 0 852 105 687.091 508.067
126 0 858 100 688.4 498.977
126 0 864 95 689.71 489.513
126 0 870 89 691.02 479.673
126 0 876 82 692.329 469.459
126 0 882 74 693.639 458.869
126 0 888 66 694.948 447.905
126 0 894 57 696.258 436.565
126 0 900 47 697.568 424.85
126 0 906 36 698.877 412.761
126 0 912 46 700.187 400.296
126 0 918 56 701.496 387.457
126 0 924 65 702.806 374.242
126 0 930 73 704.116 360.653
126 0 936 80 705.425 346.688
126 0 942 87 706.735 332.349
126 0 948 93 708.044 317.634
126 0 954 98 709.354 302.544
126 0 960 102 710.664 287.08
126 0 966 106 711.973 271.24
126 0 972 109 713.283 255.026
126 0 978 111 714.592 238.436
126 0 984 112 715.902 221.472
126 0 990 113 717.212 204.132
126 0 996 113 718.521 186.417
126 0 1002 112 719.831 168.328
126 0 1008 110 721.14 149.863
126 0 1014 108 722.45 131.024
126 0 1020 105 723.76 111.809
126 0 1026 101 725.069 92.2197
126 0 1032 96 726.379 72.2551
126 0 1038 91 727.688 51.9156
126 0 1044 85 728.998 31.201
126 0 1050 78 730.308 10.1114
150 75 600 75 600 133.5
150 74 606 74 600 133.125
150 72 612 72 600 132.375
150 69 618 69 600 131.25
150 66 624 66 600 129.75
150 62 630 62 600 127.875
150 57 624 57 600 125.625
150 51 618 51 600 123
150 45 612 45 600 120
150 38 606 38 600 116.625
150 30 600 30 600 112.875
150 21 594 21 600 108.75
150 12 600 12 600 104.25
150 2 606 2 600 99.375
150 0 612 0 600 94.125
150 0 618 10 600 88.5
150 0 624 20 600 82.5
150 0 630 29 600 76.125
150 0 636 37 600 69.375
150 0 642 44 590.331 66.1438
150 0 636 51 591.172 68.73
150 0 630 57 576.812 75.1958
150 0 624 62 571.502 83.4585
150 0 618 66 566.192 91.3462
150 0 612 70 560.882 98.8589
150 0 606 73 555.572 105.997
150 0 606 75 550.262 112.759
150 0 606 76 544.952 119.147
150 0 606 77 539.643 125.16
150 0 606 77 534.333 130.797
150 0 606 76 529.023 136.06
150 0 606 74 523.713 140.948
150 0 606 72 518.403 145.46
150 0 606 69 513.093 149.598
150 0 606 65 507.783 153.361
150 0 606 60 502.473 156.748
150 0 606 55 497.163 159.761
150 0 606 49 491.853 162.399
150 0 606 42 486.543 164.662
150 0 606 34 481.233 166.549
150 0 606 26 475.923 168.062
150 0 606 17 470.613 169.2
150 0 606 7 465.303 169.962
150 0 606 0 459.993 170.35
150 0 606 0 454.683 170.363
156 0 606 0 449.373 170
162 0 606 0 444.063 169.263
168 0 606 0 438.753 168.151
174 0 606 0 433.443 166.663
180 0 606 0 428.133 164.801
186 0 606 0 422.823 162.564
192 0 606 0 417.513 159.951
198 0 606 0 412.203 156.964
204 0 606 0 406.893 153.602
210 0 606 0 401.583 149.865
216 0 606 0 396.273 145.752
222 0 606 0 390.963 141.265
228 0 606 0 385.653 136.403
234 0 606 0 380.343 131.165
240 0 606 0 375.033 125.553
246 0 606 0 369.723 119.566
252 0 606 0 364.413 113.203
258 0 606 0 359.103 106.466
264 0 606 0 353.793 99.3538
270 0 606 0 348.483 91.8665
276 0 606 0 343.174 84.0042
282 0 606 0 337.864 75.7669
288 0 606 0 332.554 67.1545
288 0 606 0 327.244 58.1672
288 0 606 0 321.934 48.8049
288 0 606 0 316.624 39.0676
288 0 606 0 323.681 43.438
288 0 600 0 332.57 50.2358
288 0 594 0 341.458 56.6586
288 0 588 0 350.347 62.7064
288 0 582 0 359.235 68.3792
288 0 576 0 368.124 73.677
288 0 570 0 377.012 78.5998
288 0 564 0 385.901 83.1476
288 0 558 0 394.789 87.3204
288 0 552 0 403.678 91.1182
288 0 546 0 412.566 94.541
288 0 540 0 421.455 97.5888
288 0 546 0 430.343 100.262
288 0 552 0 439.232 102.559
288 0 558 0 448.12 104.482
288 0 564 10 457.009 106.03
288 0 558 20 465.897 107.203
288 0 552 29 474.786 108.001
288 0 546 37 483.674 108.423
288 0 540 44 492.563 108.471
288 0 534 51 501.451 108.144
288 0 528 57 510.34 107.442
288 0 522 62 518.176 118.084
288 0 516 66 520.836 125.607
288 0 510 70 523.496 132.756
288 0 504 73 526.156 139.53
288 0 498 75 528.816 145.929
288 0 504 76 531.476 151.952
288 0 510 77 534.136 157.601
288 0 516 77 536.796 162.875
288 0 522 76 539.456 167.773
288 0 528 74 542.116 172.297
288 0 534 72 544.776 176.446
288 0 540 69 547.437 180.219
288 0 546 65 550.097 183.618
288 0 552 60 552.757 186.642
288 0 558 55 555.417 189.29
288 0 564 49 558.077 191.564
288 0 570 42 560.737 193.463
288 0 576 34 563.397 194.987
288 0 582 26 566.057 196.135
288 0 588 17 568.717 196.909
288 0 594 7 571.377 197.308
288 0 600 0 574.037 197.331
288 0 606 10 576.697 196.98
288 0 600 20 579.357 196.254
288 0 594 29 582.017 195.152
288 0 588 37 584.677 193.676
288 0 582 44 587.337 191.825
288 0 576 51 589.997 189.599
288 0 570 57 592.657 186.997
288 0 564 62 595.317 184.021
288 0 570 66 597.977 180.67
288 0 576 70 600.637 176.943
288 0 582 73 603.297 172.842
288 0 588 75 605.957 168.366
288 0 594 76 608.617 163.514
288 0 600 77 611.277 158.288
288 0 606 77 613.937 152.687
288 0 612 76 616.598 146.71
288 0 618 74 619.258 140.359
288 0 624 72 621.918 133.633
288 0 630 69 624.578 126.532
288 0 636 65 627.238 119.055
288 0 642 60 629.898 111.204
288 0 648 55 632.558 102.978
288 0 654 49 635.218 94.3763
288 0 660 42 637.878 85.4
288 0 666 34 640.538 76.0487
288 0 660 26 638.012 77.7355
288 0 654 17 626.856 78.1508
288 0 648 7 615.7 78.1912
288 0 642 0 604.543 77.8565
288 0 636 10 593.387 77.1469
288 0 630 20 582.23 76.0622
288 0 624 29 571.074 74.6026
288 0 618 37 559.918 72.7679
288 0 612 44 548.761 70.5583
288 0 606 51 537.605 67.9736
288 0 600 57 526.448 65.014
288 0 594 62 515.292 61.6793
288 0 588 66 504.135 57.9696
288 0 582 70 492.979 53.885
288 0 576 73 481.823 49.4253
288 0 570 75 470.666 44.5907
288 0 564 76 459.51 39.381
288 0 558 77 448.353 33.7964
288 0 552 77 437.197 27.8367
288 0 546 76 426.041 21.5021
288 0 540 74 414.884 14.7924
288 0 534 72 403.728 7.70777
150 75 600 75 600 133.5
150 74 594 74 600 133.125
150 72 588 72 600 132.375
150 69 582 69 600 131.25
150 66 576 66 600 129.75
150 62 570 62 600 127.875
150 57 576 57 600 125.625
150 51 582 51 600 123
150 45 588 45 600 120
150 38 594 38 600 116.625
150 30 600 30 600 112.875
150 21 606 21 600 108.75
150 12 612 12 600 104.25
150 2 618 2 600 99.375
150 0 624 0 600 94.125
150 0 630 10 600 88.5
150 0 636 20 600 82.5
150 0 642 29 600 76.125
150 0 648 37 600 69.375
150 0 654 44 600 62.25
150 0 660 51 600 54.75
150 0 666 57 600 46.875
150 0 672 62 600 38.625
150 0 678 66 600 30
150 0 684 70 600 21
150 0 690 73 600 11.625
150 75 600 75 600 133.5
150 74 606 85 600 133.125
150 72 612 95 594.658 148.472
150 69 618 104 600.218 158.829
150 66 624 112 605.777 168.812
150 62 630 119 611.337 178.419
150 57 636 126 616.897 187.651
150 51 642 132 622.457 196.508
150 45 648 137 628.017 204.99
150 38 654 141 633.576 213.098
150 30 660 145 639.136 220.83
150 21 666 148 644.696 228.187
150 12 672 150 650.256 235.169
150 2 678 151 655.816 241.777
150 0 684 152 661.375 248.009
150 0 690 152 666.935 253.866
150 0 696 151 672.495 259.348
150 0 702 149 678.055 264.456
150 0 708 147 683.615 269.188
150 0 714 144 689.175 273.545
150 0 720 140 694.734 277.527
150 0 726 135 700.294 281.135
150 0 732 130 705.854 284.367
150 0 738 124 711.414 287.224
150 0 744 117 716.974 289.706
150 0 750 109 722.533 291.813
150 0 756 101 728.093 293.546
150 0 762 92 733.653 294.903
150 0 768 82 739.213 295.885
150 0 774 71 733.653 296.492
150 0 780 60 728.093 296.725
150 0 786 48 722.533 296.582
150 0 792 35 716.974 296.064
150 0 798 45 711.414 295.171
150 0 804 55 705.854 293.904
150 0 810 64 700.294 292.261
150 0 816 72 694.734 290.243
150 0 822 79 689.175 287.85
150 0 828 86 683.615 285.083
150 0 834 92 678.055 281.94
150 0 840 97 672.495 278.422
150 0 846 101 666.935 274.529
150 0 852 105 661.375 270.262
150 0 858 108 655.816 265.619
150 0 864 110 650.256 260.601
150 0 870 111 644.696 255.208
150 0 876 112 639.136 249.44
150 0 882 112 633.576 243.298
150 0 888 111 628.017 236.78
150 0 894 109 622.457 229.887
150 0 900 107 616.897 222.619
150 0 906 104 611.337 214.977
150 0 912 100 605.777 206.959
150 0 918 95 600.218 198.566
150 0 924 90 594.658 189.798
150 0 930 84 589.098 180.656
150 0 936 77 583.538 171.138
150 0 942 69 577.978 161.245
150 0 948 61 572.418 150.977
150 0 954 52 566.859 140.335
150 0 960 42 561.299 129.317
150 0 966 31 555.739 117.924
150 0 972 41 550.179 106.156
150 0 978 51 544.619 94.0135
150 0 984 60 539.06 81.4958
150 0 990 68 533.5 68.603
150 0 996 75 527.94 55.3352
150 0 1002 82 522.38 41.6925
150 0 1008 88 516.82 27.6747
150 0 1014 93 511.26 13.2819
150 0 1020 97 505.701 -1.48583
150 75 600 75 600 133.5
150 74 606 74 600 133.125
150 72 612 72 600 132.375
150 69 618 69 600 131.25
150 66 624 66 600 129.75
150 62 630 62 600 127.875
150 57 624 57 600 125.625
150 51 618 51 600 123
150 45 612 45 600 120
150 38 606 38 600 116.625
150 30 600 30 600 112.875
150 21 594 21 600 108.75
150 12 600 12 600 104.25
150 2 606 2 600 99.375
150 0 612 0 600 94.125
150 0 618 10 600 88.5
150 0 624 20 600 82.5
150 0 630 29 600 76.125
150 0 636 37 600 69.375
150 0 642 44 590.331 66.1438
150 0 636 51 591.172 68.73
150 0 630 57 576.812 75.1958
150 0 624 62 571.502 83.4585
150 0 618 66 566.192 91.3462
150 0 612 70 560.882 98.8589
150 0 606 73 555.572 105.997
150 0 606 75 550.262 112.759
150 0 606 76 544.952 119.147
150 0 606 77 539.643 125.16
150 0 606 77 534.333 130.797
150 0 606 76 529.023 136.06
150 0 606 74 523.713 140.948
150 0 606 72 518.403 145.46
156 0 606 69 513.093 149.598
162 0 606 65 507.783 153.361
168 0 606 60 502.473 156.748
174 0 606 55 497.163 159.761
180 0 606 49 491.853 162.399
186 0 606 42 486.543 164.662
192 0 606 34 481.233 166.549
198 0 606 26 475.923 168.062
204 0 606 17 470.613 169.2
210 0 606 7 465.303 169.962
216 0 606 0 459.993 170.35
222 0 606 0 454.683 170.363
228 0 606 0 449.373 170
234 0 606 0 444.063 169.263
240 0 606 0 438.753 168.151
246 0 606 0 433.443 166.663
252 0 606 0 428.133 164.801
252 0 606 0 422.823 162.564
252 0 606 0 417.513 159.951
252 0 606 0 412.203 156.964
252 0 606 0 406.893 153.602
258 0 606 0 401.583 149.865
264 0 606 0 396.273 145.752
270 0 606 0 390.963 141.265
276 0 606 0 385.653 136.403
282 0 606 0 380.343 131.165
288 0 606 0 375.033 125.553
294 0 606 0 369.723 119.566
300 0 606 0 364.413 113.203
300 0 606 0 359.103 106.466
300 0 606 0 353.793 99.3538
300 0 606 0 348.483 91.8665
300 0 606 0 343.174 84.0042
300 0 606 0 337.864 75.7669
300 0 606 0 332.554 67.1545
300 0 606 0 327.244 58.1672
294 0 606 0 321.934 48.8049
288 0 606 0 316.624 39.0676
282 0 606 0 322.44 39.0459
276 0 606 0 326.733 43.6229
276 0 606 0 331.025 47.8249
276 0 606 0 335.317 51.6519
276 0 606 0 339.61 55.1039
276 0 606 0 343.902 58.1809
276 0 606 0 348.194 60.8829
276 0 606 0 352.487 63.2099
276 0 606 0 356.779 65.1619
276 0 606 0 361.072 66.7389
276 0 606 0 365.364 67.9409
276 0 606 0 369.656 68.7679
276 0 606 0 373.949 69.2199
276 0 606 0 378.241 69.2969
276 0 606 0 382.533 68.9989
276 0 606 0 386.826 68.3259
276 0 606 0 391.118 67.2779
276 0 606 0 395.41 65.8549
276 0 606 0 399.703 64.0569
276 0 606 0 403.995 61.8839
276 0 606 0 408.287 59.3359
276 0 606 0 412.58 56.4129
276 0 606 0 416.872 53.1149
276 0 606 0 421.164 49.4419
276 0 606 0 425.457 45.3939
276 0 606 0 429.749 40.9709
276 0 606 0 434.041 36.1729
276 0 606 0 438.334 30.9999
276 0 606 0 442.626 25.4519
276 0 606 0 446.918 19.5288
276 0 606 0 451.211 13.2308
276 0 606 0 455.503 6.55784
150 75 600 75 600 133.5
150 74 600 74 600 133.125
150 72 600 72 600 132.375
150 69 600 69 600 131.25
150 66 600 66 600 129.75
150 62 600 62 600 127.875
150 57 600 57 600 125.625
150 51 600 51 600 123
150 45 600 45 600 120
150 38 600 38 600 116.625
150 30 600 30 600 112.875
150 21 600 21 600 108.75
150 12 606 12 600 104.25
150 2 612 2 600 99.375
150 0 618 0 600 94.125
150 0 624 10 600 88.5
150 0 630 20 600 82.5
150 0 636 29 600 76.125
150 0 642 37 600 69.375
150 0 648 44 600 62.25
150 0 654 51 600 54.75
150 0 660 57 600 46.875
150 0 666 62 600 38.625
150 0 672 66 600 30
150 0 678 70 600 21
150 0 684 73 600 11.625
150 75 600 75 600 133.5
150 74 606 85 600 133.125
150 72 612 95 594.658 148.472
150 69 618 104 600.218 158.829
150 66 624 112 605.777 168.812
150 62 630 119 611.337 178.419
150 57 636 126 616.897 187.651
150 51 642 132 622.457 196.508
150 45 648 137 628.017 204.99
150 38 654 141 633.576 213.098
150 30 660 145 639.136 220.83
150 21 666 148 644.696 228.187
150 12 672 150 650.256 235.169
150 2 678 151 655.816 241.777
150 0 684 152 661.375 248.009
150 0 690 152 666.935 253.866
150 0 696 151 672.495 259.348
150 0 702 149 678.055 264.456
150 0 708 147 683.615 269.188
150 0 714 144 689.175 273.545
150 0 720 140 694.734 277.527
150 0 726 135 700.294 281.135
150 0 732 130 705.854 284.367
150 0 738 124 711.414 287.224
150 0 744 117 716.974 289.706
150 0 750 109 722.533 291.813
150 0 756 101 728.093 293.546
150 0 762 92 733.653 294.903
150 0 768 82 739.213 295.885
150 0 774 71 733.653 296.492
150 0 780 60 728.093 296.725
150 0 786 48 722.533 296.582
150 0 792 35 716.974 296.064
150 0 798 45 711.414 295.171
150 0 804 55 705.854 293.904
150 0 810 64 700.294 292.261
150 0 816 72 694.734 290.243
150 0 822 79 689.175 287.85
150 0 828 86 683.615 285.083
150 0 834 92 678.055 281.94
150 0 840 97 672.495 278.422
150 0 846 101 666.935 274.529
150 0 852 105 661.375 270.262
150 0 858 108 655.816 265.619
150 0 864 110 650.256 260.601
150 0 870 111 644.696 255.208
150 0 876 112 639.136 249.44
150 0 882 112 633.576 243.298
150 0 888 111 628.017 236.78
150 0 894 109 622.457 229.887
150 0 900 107 616.897 222.619
150 0 906 104 611.337 214.977
150 0 912 100 605.777 206.959
150 0 918 95 600.218 198.566
150 0 924 90 594.658 189.798
150 0 930 84 589.098 180.656
150 0 936 77 583.538 171.138
150 0 942 69 577.978 161.245
150 0 948 61 572.418 150.977
150 0 954 52 566.859 140.335
150 0 960 42 561.299 129.317
150 0 966 31 555.739 117.924
150 0 972 41 550.179 106.156
150 0 978 51 544.619 94.0135
150 0 984 60 539.06 81.4958
150 0 990 68 533.5 68.603
150 0 996 75 527.94 55.3352
150 0 1002 82 522.38 41.6925
150 0 1008 88 516.82 27.6747
150 0 1014 93 511.26 13.2819
150 0 1020 97 505.701 -1.48583
